#include <stdio.h> 

int main() 
{ 
   int aceOfClubs[60][30] = {
   {0,0,0,0,2,2,0,0,0,0,0,0,0,0,0,0,0,0,0,0,0,0,0,0,2,2,0,0,0,0},
   {0,0,0,0,2,2,0,0,0,0,0,0,0,0,0,0,0,0,0,0,0,0,0,0,2,2,0,0,0,0},
   {0,0,0,2,2,2,2,0,0,0,0,0,0,0,0,0,0,0,0,0,0,0,0,2,2,2,2,0,0,0},
   {0,0,0,2,0,0,2,0,0,0,0,0,0,0,0,0,0,0,0,0,0,0,0,2,0,0,2,0,0,0},
   {0,0,2,2,0,0,2,2,0,0,0,0,0,0,0,0,0,0,0,0,0,0,2,2,0,0,2,2,0,0},
   {0,0,2,2,0,0,2,2,0,0,0,0,0,0,0,0,0,0,0,0,0,0,2,2,0,0,2,2,0,0},
   {0,0,2,2,2,2,2,2,0,0,0,0,0,0,0,0,0,0,0,0,0,0,2,2,2,2,2,2,0,0},
   {0,2,2,0,0,0,0,2,2,0,0,0,0,0,0,0,0,0,0,0,0,2,2,0,0,0,0,2,2,0},
   {0,2,2,0,0,0,0,2,2,0,0,0,0,0,0,0,0,0,0,0,0,2,2,0,0,0,0,2,2,0},
   {0,2,2,0,0,0,0,2,2,0,0,0,0,0,0,0,0,0,0,0,0,2,2,0,0,0,0,2,2,0},
   {2,2,0,0,0,0,0,0,2,2,0,0,0,0,0,0,0,0,0,0,2,2,0,0,0,0,0,0,2,2}, /////Top small numbers
   {0,0,0,0,0,0,0,0,0,0,0,0,0,0,0,0,0,0,0,0,0,0,0,0,0,0,0,0,0,0},
   {0,0,0,0,0,0,0,0,0,0,0,0,0,0,2,2,0,0,0,0,0,0,0,0,0,0,0,0,0,0},
   {0,0,0,0,0,0,0,0,0,0,0,0,0,0,2,2,0,0,0,0,0,0,0,0,0,0,0,0,0,0},
   {0,0,0,0,0,0,0,0,0,0,0,0,0,2,2,2,2,0,0,0,0,0,0,0,0,0,0,0,0,0},
   {0,0,0,0,0,0,0,0,0,0,0,0,0,2,2,2,2,0,0,0,0,0,0,0,0,0,0,0,0,0},
   {0,0,0,0,0,0,0,0,0,0,0,0,2,2,2,2,2,2,0,0,0,0,0,0,0,0,0,0,0,0},
   {0,0,0,0,0,0,0,0,0,0,0,0,2,2,2,2,2,2,0,0,0,0,0,0,0,0,0,0,0,0},
   {0,0,0,0,0,0,0,0,0,0,0,2,2,2,0,0,2,2,2,0,0,0,0,0,0,0,0,0,0,0},
   {0,0,0,0,0,0,0,0,0,0,0,2,2,2,0,0,2,2,2,0,0,0,0,0,0,0,0,0,0,0},
   {0,0,0,0,0,0,0,0,0,0,2,2,2,0,0,0,0,2,2,2,0,0,0,0,0,0,0,0,0,0},
   {0,0,0,0,0,0,0,0,0,0,2,2,2,0,0,0,0,2,2,2,0,0,0,0,0,0,0,0,0,0},
   {0,0,0,0,0,0,0,0,0,2,2,2,0,0,0,0,0,0,2,2,2,0,0,0,0,0,0,0,0,0},
   {0,0,0,0,0,0,0,0,0,2,2,2,0,0,0,0,0,0,2,2,2,0,0,0,0,0,0,0,0,0},
   {0,0,0,0,0,0,0,0,2,2,2,0,0,0,0,0,0,0,0,2,2,2,0,0,0,0,0,0,0,0},
   {0,0,0,0,0,0,0,0,2,2,2,0,0,0,0,0,0,0,0,2,2,2,0,0,0,0,0,0,0,0},
   {0,0,0,0,0,0,0,2,2,2,0,0,0,0,0,0,0,0,0,0,2,2,2,0,0,0,0,0,0,0},
   {0,0,0,0,0,0,0,2,2,2,0,0,0,0,0,0,0,0,0,0,2,2,2,0,0,0,0,0,0,0},
   {0,0,0,0,0,0,2,2,2,0,0,0,0,0,0,0,0,0,0,0,0,2,2,2,0,0,0,0,0,0},
   {0,0,0,0,0,2,2,2,2,0,0,0,0,0,0,0,0,0,0,0,0,2,2,2,2,0,0,0,0,0},
   {0,0,0,0,0,2,2,2,2,0,0,0,0,0,0,0,0,0,0,0,0,2,2,2,2,0,0,0,0,0},
   {0,0,0,0,0,0,2,2,2,0,0,0,0,0,0,0,0,0,0,0,0,2,2,2,0,0,0,0,0,0},
   {0,0,0,0,0,0,0,2,2,2,0,0,0,0,0,0,0,0,0,0,2,2,2,0,0,0,0,0,0,0},
   {0,0,0,0,0,0,0,2,2,2,0,0,0,0,0,0,0,0,0,0,2,2,2,0,0,0,0,0,0,0},
   {0,0,0,0,0,0,0,0,2,2,2,0,0,0,0,0,0,0,0,2,2,2,0,0,0,0,0,0,0,0},
   {0,0,0,0,0,0,0,0,2,2,2,0,0,0,0,0,0,0,0,2,2,2,0,0,0,0,0,0,0,0},
   {0,0,0,0,0,0,0,0,0,2,2,2,0,0,0,0,0,0,2,2,2,0,0,0,0,0,0,0,0,0},
   {0,0,0,0,0,0,0,0,0,2,2,2,0,0,0,0,0,0,2,2,2,0,0,0,0,0,0,0,0,0},
   {0,0,0,0,0,0,0,0,0,0,2,2,2,0,0,0,0,2,2,2,0,0,0,0,0,0,0,0,0,0},
   {0,0,0,0,0,0,0,0,0,0,2,2,2,0,0,0,0,2,2,2,0,0,0,0,0,0,0,0,0,0},
   {0,0,0,0,0,0,0,0,0,0,0,2,2,2,0,0,2,2,2,0,0,0,0,0,0,0,0,0,0,0},
   {0,0,0,0,0,0,0,0,0,0,0,2,2,2,0,0,2,2,2,0,0,0,0,0,0,0,0,0,0,0},
   {0,0,0,0,0,0,0,0,0,0,0,0,2,2,2,2,2,2,0,0,0,0,0,0,0,0,0,0,0,0},
   {0,0,0,0,0,0,0,0,0,0,0,0,2,2,2,2,2,2,0,0,0,0,0,0,0,0,0,0,0,0},
   {0,0,0,0,0,0,0,0,0,0,0,0,0,2,2,2,2,0,0,0,0,0,0,0,0,0,0,0,0,0},
   {0,0,0,0,0,0,0,0,0,0,0,0,0,2,2,2,2,0,0,0,0,0,0,0,0,0,0,0,0,0},
   {0,0,0,0,0,0,0,0,0,0,0,0,0,0,2,2,0,0,0,0,0,0,0,0,0,0,0,0,0,0},
   {0,0,0,0,0,0,0,0,0,0,0,0,0,0,2,2,0,0,0,0,0,0,0,0,0,0,0,0,0,0},
   {0,0,0,0,0,0,0,0,0,0,0,0,0,0,0,0,0,0,0,0,0,0,0,0,0,0,0,0,0,0},
   {2,2,0,0,0,0,0,0,2,2,0,0,0,0,0,0,0,0,0,0,2,2,0,0,0,0,0,0,2,2}, /////Bottom small numbers
   {0,2,2,0,0,0,0,2,2,0,0,0,0,0,0,0,0,0,0,0,0,2,2,0,0,0,0,2,2,0},
   {0,2,2,0,0,0,0,2,2,0,0,0,0,0,0,0,0,0,0,0,0,2,2,0,0,0,0,2,2,0},
   {0,2,2,0,0,0,0,2,2,0,0,0,0,0,0,0,0,0,0,0,0,2,2,0,0,0,0,2,2,0},
   {0,0,2,2,2,2,2,2,0,0,0,0,0,0,0,0,0,0,0,0,0,0,2,2,2,2,2,2,0,0},
   {0,0,2,2,0,0,2,2,0,0,0,0,0,0,0,0,0,0,0,0,0,0,2,2,0,0,2,2,0,0},
   {0,0,2,2,0,0,2,2,0,0,0,0,0,0,0,0,0,0,0,0,0,0,2,2,0,0,2,2,0,0},
   {0,0,0,2,0,0,2,0,0,0,0,0,0,0,0,0,0,0,0,0,0,0,0,2,0,0,2,0,0,0},
   {0,0,0,2,2,2,2,0,0,0,0,0,0,0,0,0,0,0,0,0,0,0,0,2,2,2,2,0,0,0},
   {0,0,0,0,2,2,0,0,0,0,0,0,0,0,0,0,0,0,0,0,0,0,0,0,2,2,0,0,0,0},
   {0,0,0,0,2,2,0,0,0,0,0,0,0,0,0,0,0,0,0,0,0,0,0,0,2,2,0,0,0,0},
   };
   
   
      int i,j; 
   for(i = 0; i<60; i++) 
   { 
     printf("\n"); 
     for(j = 0; j<30; j++) 
     { 
       printf("%d", kingOfClubs[i][j]); 
     } 
   } 
   printf("\n");
return 0; 
} 
