#include <stdio.h> 

int main() 
{ 
   int aceOfDiamonds[60][30] = {
   {0,0,0,0,1,1,0,0,0,0,  0,0,0,0,0,0,0,0,0,0,  0,0,0,0,1,1,0,0,0,0},
   {0,0,0,0,1,1,0,0,0,0,  0,0,0,0,0,0,0,0,0,0,  0,0,0,0,1,1,0,0,0,0},
   {0,0,0,1,1,1,1,0,0,0,  0,0,0,0,0,0,0,0,0,0,  0,0,0,1,1,1,1,0,0,0},
   {0,0,0,1,0,0,1,0,0,0,  0,0,0,0,0,0,0,0,0,0,  0,0,0,1,0,0,1,0,0,0},
   {0,0,1,1,0,0,1,1,0,0,  0,0,0,0,0,0,0,0,0,0,  0,0,1,1,0,0,1,1,0,0},
   {0,0,1,1,0,0,1,1,0,0,  0,0,0,0,0,0,0,0,0,0,  0,0,1,1,0,0,1,1,0,0},
   {0,0,1,1,1,1,1,1,0,0,  0,0,0,0,0,0,0,0,0,0,  0,0,1,1,1,1,1,1,0,0},
   {0,1,1,0,0,0,0,1,1,0,  0,0,0,0,0,0,0,0,0,0,  0,1,1,0,0,0,0,1,1,0},
   {0,1,1,0,0,0,0,1,1,0,  0,0,0,0,0,0,0,0,0,0,  0,1,1,0,0,0,0,1,1,0},
   {0,1,1,0,0,0,0,1,1,0,  0,0,0,0,0,0,0,0,0,0,  0,1,1,0,0,0,0,1,1,0},
   {1,1,0,0,0,0,0,0,1,1,  0,0,0,0,0,0,0,0,0,0,  1,1,0,0,0,0,0,0,1,1}, /////Top small numbers

   {0,0,0,0,0,0,0,0,0,0,0,0,0,0,0,0,0,0,0,0,0,0,0,0,0,0,0,0,0,0},
   {0,0,0,0,0,0,0,0,0,0,0,0,0,0,0,0,0,0,0,0,0,0,0,0,0,0,0,0,0,0},
   {0,0,0,0,0,0,0,0,0,0,0,0,0,0,0,0,0,0,0,0,0,0,0,0,0,0,0,0,0,0},
   {0,0,0,0,0,0,0,0,0,0,0,0,0,0,0,0,0,0,0,0,0,0,0,0,0,0,0,0,0,0},
   {0,0,0,0,0,0,0,0,0,0,0,0,0,0,0,0,0,0,0,0,0,0,0,0,0,0,0,0,0,0},
   {0,0,0,0,0,0,0,0,0,0,0,0,0,0,0,0,0,0,0,0,0,0,0,0,0,0,0,0,0,0},
   {0,0,0,0,0,0,0,0,0,0,0,0,0,0,0,0,0,0,0,0,0,0,0,0,0,0,0,0,0,0},
   {0,0,0,0,0,0,0,0,0,0,0,0,0,0,0,0,0,0,0,0,0,0,0,0,0,0,0,0,0,0},
   {0,0,0,0,0,0,0,0,0,0,0,0,0,0,0,0,0,0,0,0,0,0,0,0,0,0,0,0,0,0},
   {0,0,0,0,0,0,0,0,0,0,0,0,0,0,0,1,0,0,0,0,0,0,0,0,0,0,0,0,0,0},
   {0,0,0,0,0,0,0,0,0,0,0,0,0,0,1,1,1,0,0,0,0,0,0,0,0,0,0,0,0,0},
   {0,0,0,0,0,0,0,0,0,0,0,0,0,0,1,0,1,0,0,0,0,0,0,0,0,0,0,0,0,0},
   {0,0,0,0,0,0,0,0,0,0,0,0,0,1,1,0,1,1,0,0,0,0,0,0,0,0,0,0,0,0},
   {0,0,0,0,0,0,0,0,0,0,0,0,0,1,0,0,0,1,0,0,0,0,0,0,0,0,0,0,0,0},
   {0,0,0,0,0,0,0,0,0,0,0,0,1,1,0,0,0,1,1,0,0,0,0,0,0,0,0,0,0,0},
   {0,0,0,0,0,0,0,0,0,0,0,1,1,0,0,0,0,0,1,1,0,0,0,0,0,0,0,0,0,0},
   {0,0,0,0,0,0,0,0,0,0,0,1,1,0,0,0,0,0,1,1,0,0,0,0,0,0,0,0,0,0},
   {0,0,0,0,0,0,0,0,0,0,1,1,0,0,0,0,0,0,0,1,1,0,0,0,0,0,0,0,0,0},
   {0,0,0,0,0,0,0,0,0,1,1,0,0,0,0,2,0,0,0,0,1,1,0,0,0,0,0,0,0,0},
   {0,0,0,0,0,0,0,0,0,0,1,1,0,0,0,0,0,0,0,1,1,0,0,0,0,0,0,0,0,0},
   {0,0,0,0,0,0,0,0,0,0,0,1,0,0,0,0,0,0,1,1,0,0,0,0,0,0,0,0,0,0},
   {0,0,0,0,0,0,0,0,0,0,0,1,1,0,0,0,0,0,1,1,0,0,0,0,0,0,0,0,0,0},
   {0,0,0,0,0,0,0,0,0,0,0,0,1,1,0,0,0,1,1,0,0,0,0,0,0,0,0,0,0,0},
   {0,0,0,0,0,0,0,0,0,0,0,0,1,1,0,0,0,1,0,0,0,0,0,0,0,0,0,0,0,0},
   {0,0,0,0,0,0,0,0,0,0,0,0,0,1,1,0,1,1,0,0,0,0,0,0,0,0,0,0,0,0},
   {0,0,0,0,0,0,0,0,0,0,0,0,0,0,1,0,1,0,0,0,0,0,0,0,0,0,0,0,0,0},
   {0,0,0,0,0,0,0,0,0,0,0,0,0,0,1,1,1,0,0,0,0,0,0,0,0,0,0,0,0,0},
   {0,0,0,0,0,0,0,0,0,0,0,0,0,0,0,1,0,0,0,0,0,0,0,0,0,0,0,0,0,0},
   {0,0,0,0,0,0,0,0,0,0,0,0,0,0,0,0,0,0,0,0,0,0,0,0,0,0,0,0,0,0},
   {0,0,0,0,0,0,0,0,0,0,0,0,0,0,0,0,0,0,0,0,0,0,0,0,0,0,0,0,0,0},
   {0,0,0,0,0,0,0,0,0,0,0,0,0,0,0,0,0,0,0,0,0,0,0,0,0,0,0,0,0,0},
   {0,0,0,0,0,0,0,0,0,0,0,0,0,0,0,0,0,0,0,0,0,0,0,0,0,0,0,0,0,0},
   {0,0,0,0,0,0,0,0,0,0,0,0,0,0,0,0,0,0,0,0,0,0,0,0,0,0,0,0,0,0},
   {0,0,0,0,0,0,0,0,0,0,0,0,0,0,0,0,0,0,0,0,0,0,0,0,0,0,0,0,0,0},
   {0,0,0,0,0,0,0,0,0,0,0,0,0,0,0,0,0,0,0,0,0,0,0,0,0,0,0,0,0,0},
   {0,0,0,0,0,0,0,0,0,0,0,0,0,0,0,0,0,0,0,0,0,0,0,0,0,0,0,0,0,0},
   {0,0,0,0,0,0,0,0,0,0,0,0,0,0,0,0,0,0,0,0,0,0,0,0,0,0,0,0,0,0},
   {0,0,0,0,0,0,0,0,0,0,0,0,0,0,0,0,0,0,0,0,0,0,0,0,0,0,0,0,0,0},

   {1,1,0,0,0,0,0,0,1,1,  0,0,0,0,0,0,0,0,0,0,  1,1,0,0,0,0,0,0,1,1}, /////Bottom small numbers
   {0,1,1,0,0,0,0,1,1,0,  0,0,0,0,0,0,0,0,0,0,  0,1,1,0,0,0,0,1,1,0},
   {0,1,1,0,0,0,0,1,1,0,  0,0,0,0,0,0,0,0,0,0,  0,1,1,0,0,0,0,1,1,0},
   {0,1,1,0,0,0,0,1,1,0,  0,0,0,0,0,0,0,0,0,0,  0,1,1,0,0,0,0,1,1,0},
   {0,0,1,1,1,1,1,1,0,0,  0,0,0,0,0,0,0,0,0,0,  0,0,1,1,1,1,1,1,0,0},
   {0,0,1,1,0,0,1,1,0,0,  0,0,0,0,0,0,0,0,0,0,  0,0,1,1,0,0,1,1,0,0},
   {0,0,1,1,0,0,1,1,0,0,  0,0,0,0,0,0,0,0,0,0,  0,0,1,1,0,0,1,1,0,0},
   {0,0,0,1,0,0,1,0,0,0,  0,0,0,0,0,0,0,0,0,0,  0,0,0,1,0,0,1,0,0,0},
   {0,0,0,1,1,1,1,0,0,0,  0,0,0,0,0,0,0,0,0,0,  0,0,0,1,1,1,1,0,0,0},
   {0,0,0,0,1,1,0,0,0,0,  0,0,0,0,0,0,0,0,0,0,  0,0,0,0,1,1,0,0,0,0},
   {0,0,0,0,1,1,0,0,0,0,  0,0,0,0,0,0,0,0,0,0,  0,0,0,0,1,1,0,0,0,0},
   };

   int twoOfDiamonds[60][30] = {
   {0,0,1,1,1,1,1,1,0,0,  0,0,0,0,0,0,0,0,0,0,  0,0,1,1,1,1,1,1,0,0},
   {0,1,1,1,1,1,1,1,0,0,  0,0,0,0,0,0,0,0,0,0,  0,1,1,1,1,1,1,1,0,0},
   {0,1,1,0,0,0,1,1,0,0,  0,0,0,0,0,0,0,0,0,0,  0,1,1,0,0,0,1,1,0,0},
   {0,0,0,0,0,0,1,1,0,0,  0,0,0,0,0,0,0,0,0,0,  0,0,0,0,0,0,1,1,0,0},
   {0,0,0,0,0,1,1,1,0,0,  0,0,0,0,0,0,0,0,0,0,  0,0,0,0,0,1,1,1,0,0},
   {0,0,1,1,1,1,1,1,0,0,  0,0,0,0,0,0,0,0,0,0,  0,0,1,1,1,1,1,1,0,0},
   {0,1,1,1,1,0,0,0,0,0,  0,0,0,0,0,0,0,0,0,0,  0,1,1,1,1,0,0,0,0,0},
   {0,1,1,0,0,0,0,0,0,0,  0,0,0,0,0,0,0,0,0,0,  0,1,1,0,0,0,0,0,0,0},
   {0,1,1,0,0,0,0,1,0,0,  0,0,0,0,0,0,0,0,0,0,  0,1,1,0,0,0,0,1,0,0},
   {0,1,1,1,1,1,1,1,0,0,  0,0,0,0,0,0,0,0,0,0,  0,1,1,1,1,1,1,1,0,0},
   {0,1,1,1,1,1,1,1,0,0,  0,0,0,0,0,0,0,0,0,0,  0,1,1,1,1,1,1,1,0,0}, /////Top small numbers

   {0,0,0,0,0,0,0,0,0,0,0,0,0,0,0,0,0,0,0,0,0,0,0,0,0,0,0,0,0,0},
   {0,0,0,0,0,0,0,0,0,0,0,0,0,0,0,0,0,0,0,0,0,0,0,0,0,0,0,0,0,0},
   {0,0,0,0,0,0,0,0,0,0,0,0,0,0,0,0,0,0,0,0,0,0,0,0,0,0,0,0,0,0},
   {0,0,0,0,0,0,0,0,0,0,0,0,0,0,0,0,0,0,0,0,0,0,0,0,0,0,0,0,0,0},
   {0,0,0,0,0,0,0,0,0,0,0,0,0,0,0,0,0,0,0,0,0,0,0,0,0,0,0,0,0,0},
   {0,0,0,0,0,0,0,0,0,0,0,0,0,0,0,0,0,0,0,0,0,0,0,0,0,0,0,0,0,0},
   {0,0,0,0,0,0,0,0,0,0,0,0,0,0,0,0,0,0,0,0,0,0,0,0,0,0,0,0,0,0},
   {0,0,0,0,0,0,0,0,0,0,0,0,0,0,0,0,0,0,0,0,0,0,0,0,0,0,0,0,0,0},
   {0,0,0,0,0,0,0,0,0,0,0,0,0,0,0,0,0,0,0,0,0,0,0,0,0,0,0,0,0,0},
   {0,0,0,0,0,0,0,0,0,0,0,0,0,0,0,1,0,0,0,0,0,0,0,0,0,0,0,0,0,0},
   {0,0,0,0,0,0,0,0,0,0,0,0,0,0,1,1,1,0,0,0,0,0,0,0,0,0,0,0,0,0},
   {0,0,0,0,0,0,0,0,0,0,0,0,0,0,1,0,1,0,0,0,0,0,0,0,0,0,0,0,0,0},
   {0,0,0,0,0,0,0,0,0,0,0,0,0,1,1,0,1,1,0,0,0,0,0,0,0,0,0,0,0,0},
   {0,0,0,0,0,0,0,0,0,0,0,0,0,1,0,0,0,1,0,0,0,0,0,0,0,0,0,0,0,0},
   {0,0,0,0,0,0,0,0,0,0,0,0,1,1,0,0,0,1,1,0,0,0,0,0,0,0,0,0,0,0},
   {0,0,0,0,0,0,0,0,0,0,0,1,1,0,0,0,0,0,1,1,0,0,0,0,0,0,0,0,0,0},
   {0,0,0,0,0,0,0,0,0,0,0,1,1,0,0,0,0,0,1,1,0,0,0,0,0,0,0,0,0,0},
   {0,0,0,0,0,0,0,0,0,0,1,1,0,0,0,0,0,0,0,1,1,0,0,0,0,0,0,0,0,0},
   {0,0,0,0,0,0,0,0,0,1,1,0,0,0,0,2,0,0,0,0,1,1,0,0,0,0,0,0,0,0},
   {0,0,0,0,0,0,0,0,0,0,1,1,0,0,0,0,0,0,0,1,1,0,0,0,0,0,0,0,0,0},
   {0,0,0,0,0,0,0,0,0,0,0,1,0,0,0,0,0,0,1,1,0,0,0,0,0,0,0,0,0,0},
   {0,0,0,0,0,0,0,0,0,0,0,1,1,0,0,0,0,0,1,1,0,0,0,0,0,0,0,0,0,0},
   {0,0,0,0,0,0,0,0,0,0,0,0,1,1,0,0,0,1,1,0,0,0,0,0,0,0,0,0,0,0},
   {0,0,0,0,0,0,0,0,0,0,0,0,1,1,0,0,0,1,0,0,0,0,0,0,0,0,0,0,0,0},
   {0,0,0,0,0,0,0,0,0,0,0,0,0,1,1,0,1,1,0,0,0,0,0,0,0,0,0,0,0,0},
   {0,0,0,0,0,0,0,0,0,0,0,0,0,0,1,0,1,0,0,0,0,0,0,0,0,0,0,0,0,0},
   {0,0,0,0,0,0,0,0,0,0,0,0,0,0,1,1,1,0,0,0,0,0,0,0,0,0,0,0,0,0},
   {0,0,0,0,0,0,0,0,0,0,0,0,0,0,0,1,0,0,0,0,0,0,0,0,0,0,0,0,0,0},
   {0,0,0,0,0,0,0,0,0,0,0,0,0,0,0,0,0,0,0,0,0,0,0,0,0,0,0,0,0,0},
   {0,0,0,0,0,0,0,0,0,0,0,0,0,0,0,0,0,0,0,0,0,0,0,0,0,0,0,0,0,0},
   {0,0,0,0,0,0,0,0,0,0,0,0,0,0,0,0,0,0,0,0,0,0,0,0,0,0,0,0,0,0},
   {0,0,0,0,0,0,0,0,0,0,0,0,0,0,0,0,0,0,0,0,0,0,0,0,0,0,0,0,0,0},
   {0,0,0,0,0,0,0,0,0,0,0,0,0,0,0,0,0,0,0,0,0,0,0,0,0,0,0,0,0,0},
   {0,0,0,0,0,0,0,0,0,0,0,0,0,0,0,0,0,0,0,0,0,0,0,0,0,0,0,0,0,0},
   {0,0,0,0,0,0,0,0,0,0,0,0,0,0,0,0,0,0,0,0,0,0,0,0,0,0,0,0,0,0},
   {0,0,0,0,0,0,0,0,0,0,0,0,0,0,0,0,0,0,0,0,0,0,0,0,0,0,0,0,0,0},
   {0,0,0,0,0,0,0,0,0,0,0,0,0,0,0,0,0,0,0,0,0,0,0,0,0,0,0,0,0,0},
   {0,0,0,0,0,0,0,0,0,0,0,0,0,0,0,0,0,0,0,0,0,0,0,0,0,0,0,0,0,0},

   {0,0,1,1,1,1,1,1,1,0,  0,0,0,0,0,0,0,0,0,0,  0,0,1,1,1,1,1,1,1,0}, /////Bottom small numbers
   {0,0,1,1,1,1,1,1,1,0,  0,0,0,0,0,0,0,0,0,0,  0,0,1,1,1,1,1,1,1,0},
   {0,0,1,0,0,0,0,1,1,0,  0,0,0,0,0,0,0,0,0,0,  0,0,1,0,0,0,0,1,1,0},
   {0,0,0,0,0,0,0,1,1,0,  0,0,0,0,0,0,0,0,0,0,  0,0,0,0,0,0,0,1,1,0},
   {0,0,0,0,0,1,1,1,1,0,  0,0,0,0,0,0,0,0,0,0,  0,0,0,0,0,1,1,1,1,0},
   {0,0,1,1,1,1,1,1,0,0,  0,0,0,0,0,0,0,0,0,0,  0,0,1,1,1,1,1,1,0,0},
   {0,0,1,1,1,0,0,0,0,0,  0,0,0,0,0,0,0,0,0,0,  0,0,1,1,1,0,0,0,0,0},
   {0,0,1,1,0,0,0,0,0,0,  0,0,0,0,0,0,0,0,0,0,  0,0,1,1,0,0,0,0,0,0},
   {0,0,1,1,0,0,0,1,1,0,  0,0,0,0,0,0,0,0,0,0,  0,0,1,1,0,0,0,1,1,0},
   {0,0,1,1,1,1,1,1,1,0,  0,0,0,0,0,0,0,0,0,0,  0,0,1,1,1,1,1,1,1,0},
   {0,0,1,1,1,1,1,1,0,0,  0,0,0,0,0,0,0,0,0,0,  0,0,1,1,1,1,1,1,0,0},
   };

      int threeOfDiamonds[60][30] = {
   {0,0,0,0,1,1,0,0,0,0,  0,0,0,0,0,0,0,0,0,0,  0,0,0,0,1,1,0,0,0,0},
   {0,0,0,0,1,1,0,0,0,0,  0,0,0,0,0,0,0,0,0,0,  0,0,0,0,1,1,0,0,0,0},
   {0,0,0,1,1,1,1,0,0,0,  0,0,0,0,0,0,0,0,0,0,  0,0,0,1,1,1,1,0,0,0},
   {0,0,0,1,0,0,1,0,0,0,  0,0,0,0,0,0,0,0,0,0,  0,0,0,1,0,0,1,0,0,0},
   {0,0,1,1,0,0,1,1,0,0,  0,0,0,0,0,0,0,0,0,0,  0,0,1,1,0,0,1,1,0,0},
   {0,0,1,1,0,0,1,1,0,0,  0,0,0,0,0,0,0,0,0,0,  0,0,1,1,0,0,1,1,0,0},
   {0,0,1,1,1,1,1,1,0,0,  0,0,0,0,0,0,0,0,0,0,  0,0,1,1,1,1,1,1,0,0},
   {0,1,1,0,0,0,0,1,1,0,  0,0,0,0,0,0,0,0,0,0,  0,1,1,0,0,0,0,1,1,0},
   {0,1,1,0,0,0,0,1,1,0,  0,0,0,0,0,0,0,0,0,0,  0,1,1,0,0,0,0,1,1,0},
   {0,1,1,0,0,0,0,1,1,0,  0,0,0,0,0,0,0,0,0,0,  0,1,1,0,0,0,0,1,1,0},
   {1,1,0,0,0,0,0,0,1,1,  0,0,0,0,0,0,0,0,0,0,  1,1,0,0,0,0,0,0,1,1}, /////Top small numbers

   {0,0,0,0,0,0,0,0,0,0,0,0,0,0,0,0,0,0,0,0,0,0,0,0,0,0,0,0,0,0},
   {0,0,0,0,0,0,0,0,0,0,0,0,0,0,0,0,0,0,0,0,0,0,0,0,0,0,0,0,0,0},
   {0,0,0,0,0,0,0,0,0,0,0,0,0,0,0,0,0,0,0,0,0,0,0,0,0,0,0,0,0,0},
   {0,0,0,0,0,0,0,0,0,0,0,0,0,0,0,0,0,0,0,0,0,0,0,0,0,0,0,0,0,0},
   {0,0,0,0,0,0,0,0,0,0,0,0,0,0,0,0,0,0,0,0,0,0,0,0,0,0,0,0,0,0},
   {0,0,0,0,0,0,0,0,0,0,0,0,0,0,0,0,0,0,0,0,0,0,0,0,0,0,0,0,0,0},
   {0,0,0,0,0,0,0,0,0,0,0,0,0,0,0,0,0,0,0,0,0,0,0,0,0,0,0,0,0,0},
   {0,0,0,0,0,0,0,0,0,0,0,0,0,0,0,0,0,0,0,0,0,0,0,0,0,0,0,0,0,0},
   {0,0,0,0,0,0,0,0,0,0,0,0,0,0,0,0,0,0,0,0,0,0,0,0,0,0,0,0,0,0},
   {0,0,0,0,0,0,0,0,0,0,0,0,0,0,0,1,0,0,0,0,0,0,0,0,0,0,0,0,0,0},
   {0,0,0,0,0,0,0,0,0,0,0,0,0,0,1,1,1,0,0,0,0,0,0,0,0,0,0,0,0,0},
   {0,0,0,0,0,0,0,0,0,0,0,0,0,0,1,0,1,0,0,0,0,0,0,0,0,0,0,0,0,0},
   {0,0,0,0,0,0,0,0,0,0,0,0,0,1,1,0,1,1,0,0,0,0,0,0,0,0,0,0,0,0},
   {0,0,0,0,0,0,0,0,0,0,0,0,0,1,0,0,0,1,0,0,0,0,0,0,0,0,0,0,0,0},
   {0,0,0,0,0,0,0,0,0,0,0,0,1,1,0,0,0,1,1,0,0,0,0,0,0,0,0,0,0,0},
   {0,0,0,0,0,0,0,0,0,0,0,1,1,0,0,0,0,0,1,1,0,0,0,0,0,0,0,0,0,0},
   {0,0,0,0,0,0,0,0,0,0,0,1,1,0,0,0,0,0,1,1,0,0,0,0,0,0,0,0,0,0},
   {0,0,0,0,0,0,0,0,0,0,1,1,0,0,0,0,0,0,0,1,1,0,0,0,0,0,0,0,0,0},
   {0,0,0,0,0,0,0,0,0,1,1,0,0,0,0,2,0,0,0,0,1,1,0,0,0,0,0,0,0,0},
   {0,0,0,0,0,0,0,0,0,0,1,1,0,0,0,0,0,0,0,1,1,0,0,0,0,0,0,0,0,0},
   {0,0,0,0,0,0,0,0,0,0,0,1,0,0,0,0,0,0,1,1,0,0,0,0,0,0,0,0,0,0},
   {0,0,0,0,0,0,0,0,0,0,0,1,1,0,0,0,0,0,1,1,0,0,0,0,0,0,0,0,0,0},
   {0,0,0,0,0,0,0,0,0,0,0,0,1,1,0,0,0,1,1,0,0,0,0,0,0,0,0,0,0,0},
   {0,0,0,0,0,0,0,0,0,0,0,0,1,1,0,0,0,1,0,0,0,0,0,0,0,0,0,0,0,0},
   {0,0,0,0,0,0,0,0,0,0,0,0,0,1,1,0,1,1,0,0,0,0,0,0,0,0,0,0,0,0},
   {0,0,0,0,0,0,0,0,0,0,0,0,0,0,1,0,1,0,0,0,0,0,0,0,0,0,0,0,0,0},
   {0,0,0,0,0,0,0,0,0,0,0,0,0,0,1,1,1,0,0,0,0,0,0,0,0,0,0,0,0,0},
   {0,0,0,0,0,0,0,0,0,0,0,0,0,0,0,1,0,0,0,0,0,0,0,0,0,0,0,0,0,0},
   {0,0,0,0,0,0,0,0,0,0,0,0,0,0,0,0,0,0,0,0,0,0,0,0,0,0,0,0,0,0},
   {0,0,0,0,0,0,0,0,0,0,0,0,0,0,0,0,0,0,0,0,0,0,0,0,0,0,0,0,0,0},
   {0,0,0,0,0,0,0,0,0,0,0,0,0,0,0,0,0,0,0,0,0,0,0,0,0,0,0,0,0,0},
   {0,0,0,0,0,0,0,0,0,0,0,0,0,0,0,0,0,0,0,0,0,0,0,0,0,0,0,0,0,0},
   {0,0,0,0,0,0,0,0,0,0,0,0,0,0,0,0,0,0,0,0,0,0,0,0,0,0,0,0,0,0},
   {0,0,0,0,0,0,0,0,0,0,0,0,0,0,0,0,0,0,0,0,0,0,0,0,0,0,0,0,0,0},
   {0,0,0,0,0,0,0,0,0,0,0,0,0,0,0,0,0,0,0,0,0,0,0,0,0,0,0,0,0,0},
   {0,0,0,0,0,0,0,0,0,0,0,0,0,0,0,0,0,0,0,0,0,0,0,0,0,0,0,0,0,0},
   {0,0,0,0,0,0,0,0,0,0,0,0,0,0,0,0,0,0,0,0,0,0,0,0,0,0,0,0,0,0},
   {0,0,0,0,0,0,0,0,0,0,0,0,0,0,0,0,0,0,0,0,0,0,0,0,0,0,0,0,0,0},

   {1,1,0,0,0,0,0,0,1,1,  0,0,0,0,0,0,0,0,0,0,  1,1,0,0,0,0,0,0,1,1}, /////Bottom small numbers
   {0,1,1,0,0,0,0,1,1,0,  0,0,0,0,0,0,0,0,0,0,  0,1,1,0,0,0,0,1,1,0},
   {0,1,1,0,0,0,0,1,1,0,  0,0,0,0,0,0,0,0,0,0,  0,1,1,0,0,0,0,1,1,0},
   {0,1,1,0,0,0,0,1,1,0,  0,0,0,0,0,0,0,0,0,0,  0,1,1,0,0,0,0,1,1,0},
   {0,0,1,1,1,1,1,1,0,0,  0,0,0,0,0,0,0,0,0,0,  0,0,1,1,1,1,1,1,0,0},
   {0,0,1,1,0,0,1,1,0,0,  0,0,0,0,0,0,0,0,0,0,  0,0,1,1,0,0,1,1,0,0},
   {0,0,1,1,0,0,1,1,0,0,  0,0,0,0,0,0,0,0,0,0,  0,0,1,1,0,0,1,1,0,0},
   {0,0,0,1,0,0,1,0,0,0,  0,0,0,0,0,0,0,0,0,0,  0,0,0,1,0,0,1,0,0,0},
   {0,0,0,1,1,1,1,0,0,0,  0,0,0,0,0,0,0,0,0,0,  0,0,0,1,1,1,1,0,0,0},
   {0,0,0,0,1,1,0,0,0,0,  0,0,0,0,0,0,0,0,0,0,  0,0,0,0,1,1,0,0,0,0},
   {0,0,0,0,1,1,0,0,0,0,  0,0,0,0,0,0,0,0,0,0,  0,0,0,0,1,1,0,0,0,0},
   };

      int fourOfDiamonds[60][30] = {
   {0,0,0,0,1,1,0,0,0,0,  0,0,0,0,0,0,0,0,0,0,  0,0,0,0,1,1,0,0,0,0},
   {0,0,0,0,1,1,0,0,0,0,  0,0,0,0,0,0,0,0,0,0,  0,0,0,0,1,1,0,0,0,0},
   {0,0,0,1,1,1,1,0,0,0,  0,0,0,0,0,0,0,0,0,0,  0,0,0,1,1,1,1,0,0,0},
   {0,0,0,1,0,0,1,0,0,0,  0,0,0,0,0,0,0,0,0,0,  0,0,0,1,0,0,1,0,0,0},
   {0,0,1,1,0,0,1,1,0,0,  0,0,0,0,0,0,0,0,0,0,  0,0,1,1,0,0,1,1,0,0},
   {0,0,1,1,0,0,1,1,0,0,  0,0,0,0,0,0,0,0,0,0,  0,0,1,1,0,0,1,1,0,0},
   {0,0,1,1,1,1,1,1,0,0,  0,0,0,0,0,0,0,0,0,0,  0,0,1,1,1,1,1,1,0,0},
   {0,1,1,0,0,0,0,1,1,0,  0,0,0,0,0,0,0,0,0,0,  0,1,1,0,0,0,0,1,1,0},
   {0,1,1,0,0,0,0,1,1,0,  0,0,0,0,0,0,0,0,0,0,  0,1,1,0,0,0,0,1,1,0},
   {0,1,1,0,0,0,0,1,1,0,  0,0,0,0,0,0,0,0,0,0,  0,1,1,0,0,0,0,1,1,0},
   {1,1,0,0,0,0,0,0,1,1,  0,0,0,0,0,0,0,0,0,0,  1,1,0,0,0,0,0,0,1,1}, /////Top small numbers

   {0,0,0,0,0,0,0,0,0,0,0,0,0,0,0,0,0,0,0,0,0,0,0,0,0,0,0,0,0,0},
   {0,0,0,0,0,0,0,0,0,0,0,0,0,0,0,0,0,0,0,0,0,0,0,0,0,0,0,0,0,0},
   {0,0,0,0,0,0,0,0,0,0,0,0,0,0,0,0,0,0,0,0,0,0,0,0,0,0,0,0,0,0},
   {0,0,0,0,0,0,0,0,0,0,0,0,0,0,0,0,0,0,0,0,0,0,0,0,0,0,0,0,0,0},
   {0,0,0,0,0,0,0,0,0,0,0,0,0,0,0,0,0,0,0,0,0,0,0,0,0,0,0,0,0,0},
   {0,0,0,0,0,0,0,0,0,0,0,0,0,0,0,0,0,0,0,0,0,0,0,0,0,0,0,0,0,0},
   {0,0,0,0,0,0,0,0,0,0,0,0,0,0,0,0,0,0,0,0,0,0,0,0,0,0,0,0,0,0},
   {0,0,0,0,0,0,0,0,0,0,0,0,0,0,0,0,0,0,0,0,0,0,0,0,0,0,0,0,0,0},
   {0,0,0,0,0,0,0,0,0,0,0,0,0,0,0,0,0,0,0,0,0,0,0,0,0,0,0,0,0,0},
   {0,0,0,0,0,0,0,0,0,0,0,0,0,0,0,1,0,0,0,0,0,0,0,0,0,0,0,0,0,0},
   {0,0,0,0,0,0,0,0,0,0,0,0,0,0,1,1,1,0,0,0,0,0,0,0,0,0,0,0,0,0},
   {0,0,0,0,0,0,0,0,0,0,0,0,0,0,1,0,1,0,0,0,0,0,0,0,0,0,0,0,0,0},
   {0,0,0,0,0,0,0,0,0,0,0,0,0,1,1,0,1,1,0,0,0,0,0,0,0,0,0,0,0,0},
   {0,0,0,0,0,0,0,0,0,0,0,0,0,1,0,0,0,1,0,0,0,0,0,0,0,0,0,0,0,0},
   {0,0,0,0,0,0,0,0,0,0,0,0,1,1,0,0,0,1,1,0,0,0,0,0,0,0,0,0,0,0},
   {0,0,0,0,0,0,0,0,0,0,0,1,1,0,0,0,0,0,1,1,0,0,0,0,0,0,0,0,0,0},
   {0,0,0,0,0,0,0,0,0,0,0,1,1,0,0,0,0,0,1,1,0,0,0,0,0,0,0,0,0,0},
   {0,0,0,0,0,0,0,0,0,0,1,1,0,0,0,0,0,0,0,1,1,0,0,0,0,0,0,0,0,0},
   {0,0,0,0,0,0,0,0,0,1,1,0,0,0,0,2,0,0,0,0,1,1,0,0,0,0,0,0,0,0},
   {0,0,0,0,0,0,0,0,0,0,1,1,0,0,0,0,0,0,0,1,1,0,0,0,0,0,0,0,0,0},
   {0,0,0,0,0,0,0,0,0,0,0,1,0,0,0,0,0,0,1,1,0,0,0,0,0,0,0,0,0,0},
   {0,0,0,0,0,0,0,0,0,0,0,1,1,0,0,0,0,0,1,1,0,0,0,0,0,0,0,0,0,0},
   {0,0,0,0,0,0,0,0,0,0,0,0,1,1,0,0,0,1,1,0,0,0,0,0,0,0,0,0,0,0},
   {0,0,0,0,0,0,0,0,0,0,0,0,1,1,0,0,0,1,0,0,0,0,0,0,0,0,0,0,0,0},
   {0,0,0,0,0,0,0,0,0,0,0,0,0,1,1,0,1,1,0,0,0,0,0,0,0,0,0,0,0,0},
   {0,0,0,0,0,0,0,0,0,0,0,0,0,0,1,0,1,0,0,0,0,0,0,0,0,0,0,0,0,0},
   {0,0,0,0,0,0,0,0,0,0,0,0,0,0,1,1,1,0,0,0,0,0,0,0,0,0,0,0,0,0},
   {0,0,0,0,0,0,0,0,0,0,0,0,0,0,0,1,0,0,0,0,0,0,0,0,0,0,0,0,0,0},
   {0,0,0,0,0,0,0,0,0,0,0,0,0,0,0,0,0,0,0,0,0,0,0,0,0,0,0,0,0,0},
   {0,0,0,0,0,0,0,0,0,0,0,0,0,0,0,0,0,0,0,0,0,0,0,0,0,0,0,0,0,0},
   {0,0,0,0,0,0,0,0,0,0,0,0,0,0,0,0,0,0,0,0,0,0,0,0,0,0,0,0,0,0},
   {0,0,0,0,0,0,0,0,0,0,0,0,0,0,0,0,0,0,0,0,0,0,0,0,0,0,0,0,0,0},
   {0,0,0,0,0,0,0,0,0,0,0,0,0,0,0,0,0,0,0,0,0,0,0,0,0,0,0,0,0,0},
   {0,0,0,0,0,0,0,0,0,0,0,0,0,0,0,0,0,0,0,0,0,0,0,0,0,0,0,0,0,0},
   {0,0,0,0,0,0,0,0,0,0,0,0,0,0,0,0,0,0,0,0,0,0,0,0,0,0,0,0,0,0},
   {0,0,0,0,0,0,0,0,0,0,0,0,0,0,0,0,0,0,0,0,0,0,0,0,0,0,0,0,0,0},
   {0,0,0,0,0,0,0,0,0,0,0,0,0,0,0,0,0,0,0,0,0,0,0,0,0,0,0,0,0,0},
   {0,0,0,0,0,0,0,0,0,0,0,0,0,0,0,0,0,0,0,0,0,0,0,0,0,0,0,0,0,0},

   {1,1,0,0,0,0,0,0,1,1,  0,0,0,0,0,0,0,0,0,0,  1,1,0,0,0,0,0,0,1,1}, /////Bottom small numbers
   {0,1,1,0,0,0,0,1,1,0,  0,0,0,0,0,0,0,0,0,0,  0,1,1,0,0,0,0,1,1,0},
   {0,1,1,0,0,0,0,1,1,0,  0,0,0,0,0,0,0,0,0,0,  0,1,1,0,0,0,0,1,1,0},
   {0,1,1,0,0,0,0,1,1,0,  0,0,0,0,0,0,0,0,0,0,  0,1,1,0,0,0,0,1,1,0},
   {0,0,1,1,1,1,1,1,0,0,  0,0,0,0,0,0,0,0,0,0,  0,0,1,1,1,1,1,1,0,0},
   {0,0,1,1,0,0,1,1,0,0,  0,0,0,0,0,0,0,0,0,0,  0,0,1,1,0,0,1,1,0,0},
   {0,0,1,1,0,0,1,1,0,0,  0,0,0,0,0,0,0,0,0,0,  0,0,1,1,0,0,1,1,0,0},
   {0,0,0,1,0,0,1,0,0,0,  0,0,0,0,0,0,0,0,0,0,  0,0,0,1,0,0,1,0,0,0},
   {0,0,0,1,1,1,1,0,0,0,  0,0,0,0,0,0,0,0,0,0,  0,0,0,1,1,1,1,0,0,0},
   {0,0,0,0,1,1,0,0,0,0,  0,0,0,0,0,0,0,0,0,0,  0,0,0,0,1,1,0,0,0,0},
   {0,0,0,0,1,1,0,0,0,0,  0,0,0,0,0,0,0,0,0,0,  0,0,0,0,1,1,0,0,0,0},
   };

      int fiveOfDiamonds[60][30] = {
   {0,0,0,0,1,1,0,0,0,0,  0,0,0,0,0,0,0,0,0,0,  0,0,0,0,1,1,0,0,0,0},
   {0,0,0,0,1,1,0,0,0,0,  0,0,0,0,0,0,0,0,0,0,  0,0,0,0,1,1,0,0,0,0},
   {0,0,0,1,1,1,1,0,0,0,  0,0,0,0,0,0,0,0,0,0,  0,0,0,1,1,1,1,0,0,0},
   {0,0,0,1,0,0,1,0,0,0,  0,0,0,0,0,0,0,0,0,0,  0,0,0,1,0,0,1,0,0,0},
   {0,0,1,1,0,0,1,1,0,0,  0,0,0,0,0,0,0,0,0,0,  0,0,1,1,0,0,1,1,0,0},
   {0,0,1,1,0,0,1,1,0,0,  0,0,0,0,0,0,0,0,0,0,  0,0,1,1,0,0,1,1,0,0},
   {0,0,1,1,1,1,1,1,0,0,  0,0,0,0,0,0,0,0,0,0,  0,0,1,1,1,1,1,1,0,0},
   {0,1,1,0,0,0,0,1,1,0,  0,0,0,0,0,0,0,0,0,0,  0,1,1,0,0,0,0,1,1,0},
   {0,1,1,0,0,0,0,1,1,0,  0,0,0,0,0,0,0,0,0,0,  0,1,1,0,0,0,0,1,1,0},
   {0,1,1,0,0,0,0,1,1,0,  0,0,0,0,0,0,0,0,0,0,  0,1,1,0,0,0,0,1,1,0},
   {1,1,0,0,0,0,0,0,1,1,  0,0,0,0,0,0,0,0,0,0,  1,1,0,0,0,0,0,0,1,1}, /////Top small numbers

   {0,0,0,0,0,0,0,0,0,0,0,0,0,0,0,0,0,0,0,0,0,0,0,0,0,0,0,0,0,0},
   {0,0,0,0,0,0,0,0,0,0,0,0,0,0,0,0,0,0,0,0,0,0,0,0,0,0,0,0,0,0},
   {0,0,0,0,0,0,0,0,0,0,0,0,0,0,0,0,0,0,0,0,0,0,0,0,0,0,0,0,0,0},
   {0,0,0,0,0,0,0,0,0,0,0,0,0,0,0,0,0,0,0,0,0,0,0,0,0,0,0,0,0,0},
   {0,0,0,0,0,0,0,0,0,0,0,0,0,0,0,0,0,0,0,0,0,0,0,0,0,0,0,0,0,0},
   {0,0,0,0,0,0,0,0,0,0,0,0,0,0,0,0,0,0,0,0,0,0,0,0,0,0,0,0,0,0},
   {0,0,0,0,0,0,0,0,0,0,0,0,0,0,0,0,0,0,0,0,0,0,0,0,0,0,0,0,0,0},
   {0,0,0,0,0,0,0,0,0,0,0,0,0,0,0,0,0,0,0,0,0,0,0,0,0,0,0,0,0,0},
   {0,0,0,0,0,0,0,0,0,0,0,0,0,0,0,0,0,0,0,0,0,0,0,0,0,0,0,0,0,0},
   {0,0,0,0,0,0,0,0,0,0,0,0,0,0,0,1,0,0,0,0,0,0,0,0,0,0,0,0,0,0},
   {0,0,0,0,0,0,0,0,0,0,0,0,0,0,1,1,1,0,0,0,0,0,0,0,0,0,0,0,0,0},
   {0,0,0,0,0,0,0,0,0,0,0,0,0,0,1,0,1,0,0,0,0,0,0,0,0,0,0,0,0,0},
   {0,0,0,0,0,0,0,0,0,0,0,0,0,1,1,0,1,1,0,0,0,0,0,0,0,0,0,0,0,0},
   {0,0,0,0,0,0,0,0,0,0,0,0,0,1,0,0,0,1,0,0,0,0,0,0,0,0,0,0,0,0},
   {0,0,0,0,0,0,0,0,0,0,0,0,1,1,0,0,0,1,1,0,0,0,0,0,0,0,0,0,0,0},
   {0,0,0,0,0,0,0,0,0,0,0,1,1,0,0,0,0,0,1,1,0,0,0,0,0,0,0,0,0,0},
   {0,0,0,0,0,0,0,0,0,0,0,1,1,0,0,0,0,0,1,1,0,0,0,0,0,0,0,0,0,0},
   {0,0,0,0,0,0,0,0,0,0,1,1,0,0,0,0,0,0,0,1,1,0,0,0,0,0,0,0,0,0},
   {0,0,0,0,0,0,0,0,0,1,1,0,0,0,0,2,0,0,0,0,1,1,0,0,0,0,0,0,0,0},
   {0,0,0,0,0,0,0,0,0,0,1,1,0,0,0,0,0,0,0,1,1,0,0,0,0,0,0,0,0,0},
   {0,0,0,0,0,0,0,0,0,0,0,1,0,0,0,0,0,0,1,1,0,0,0,0,0,0,0,0,0,0},
   {0,0,0,0,0,0,0,0,0,0,0,1,1,0,0,0,0,0,1,1,0,0,0,0,0,0,0,0,0,0},
   {0,0,0,0,0,0,0,0,0,0,0,0,1,1,0,0,0,1,1,0,0,0,0,0,0,0,0,0,0,0},
   {0,0,0,0,0,0,0,0,0,0,0,0,1,1,0,0,0,1,0,0,0,0,0,0,0,0,0,0,0,0},
   {0,0,0,0,0,0,0,0,0,0,0,0,0,1,1,0,1,1,0,0,0,0,0,0,0,0,0,0,0,0},
   {0,0,0,0,0,0,0,0,0,0,0,0,0,0,1,0,1,0,0,0,0,0,0,0,0,0,0,0,0,0},
   {0,0,0,0,0,0,0,0,0,0,0,0,0,0,1,1,1,0,0,0,0,0,0,0,0,0,0,0,0,0},
   {0,0,0,0,0,0,0,0,0,0,0,0,0,0,0,1,0,0,0,0,0,0,0,0,0,0,0,0,0,0},
   {0,0,0,0,0,0,0,0,0,0,0,0,0,0,0,0,0,0,0,0,0,0,0,0,0,0,0,0,0,0},
   {0,0,0,0,0,0,0,0,0,0,0,0,0,0,0,0,0,0,0,0,0,0,0,0,0,0,0,0,0,0},
   {0,0,0,0,0,0,0,0,0,0,0,0,0,0,0,0,0,0,0,0,0,0,0,0,0,0,0,0,0,0},
   {0,0,0,0,0,0,0,0,0,0,0,0,0,0,0,0,0,0,0,0,0,0,0,0,0,0,0,0,0,0},
   {0,0,0,0,0,0,0,0,0,0,0,0,0,0,0,0,0,0,0,0,0,0,0,0,0,0,0,0,0,0},
   {0,0,0,0,0,0,0,0,0,0,0,0,0,0,0,0,0,0,0,0,0,0,0,0,0,0,0,0,0,0},
   {0,0,0,0,0,0,0,0,0,0,0,0,0,0,0,0,0,0,0,0,0,0,0,0,0,0,0,0,0,0},
   {0,0,0,0,0,0,0,0,0,0,0,0,0,0,0,0,0,0,0,0,0,0,0,0,0,0,0,0,0,0},
   {0,0,0,0,0,0,0,0,0,0,0,0,0,0,0,0,0,0,0,0,0,0,0,0,0,0,0,0,0,0},
   {0,0,0,0,0,0,0,0,0,0,0,0,0,0,0,0,0,0,0,0,0,0,0,0,0,0,0,0,0,0},

   {1,1,0,0,0,0,0,0,1,1,  0,0,0,0,0,0,0,0,0,0,  1,1,0,0,0,0,0,0,1,1}, /////Bottom small numbers
   {0,1,1,0,0,0,0,1,1,0,  0,0,0,0,0,0,0,0,0,0,  0,1,1,0,0,0,0,1,1,0},
   {0,1,1,0,0,0,0,1,1,0,  0,0,0,0,0,0,0,0,0,0,  0,1,1,0,0,0,0,1,1,0},
   {0,1,1,0,0,0,0,1,1,0,  0,0,0,0,0,0,0,0,0,0,  0,1,1,0,0,0,0,1,1,0},
   {0,0,1,1,1,1,1,1,0,0,  0,0,0,0,0,0,0,0,0,0,  0,0,1,1,1,1,1,1,0,0},
   {0,0,1,1,0,0,1,1,0,0,  0,0,0,0,0,0,0,0,0,0,  0,0,1,1,0,0,1,1,0,0},
   {0,0,1,1,0,0,1,1,0,0,  0,0,0,0,0,0,0,0,0,0,  0,0,1,1,0,0,1,1,0,0},
   {0,0,0,1,0,0,1,0,0,0,  0,0,0,0,0,0,0,0,0,0,  0,0,0,1,0,0,1,0,0,0},
   {0,0,0,1,1,1,1,0,0,0,  0,0,0,0,0,0,0,0,0,0,  0,0,0,1,1,1,1,0,0,0},
   {0,0,0,0,1,1,0,0,0,0,  0,0,0,0,0,0,0,0,0,0,  0,0,0,0,1,1,0,0,0,0},
   {0,0,0,0,1,1,0,0,0,0,  0,0,0,0,0,0,0,0,0,0,  0,0,0,0,1,1,0,0,0,0},
   };

      int sixOfDiamonds[60][30] = {
   {0,0,0,0,1,1,0,0,0,0,  0,0,0,0,0,0,0,0,0,0,  0,0,0,0,1,1,0,0,0,0},
   {0,0,0,0,1,1,0,0,0,0,  0,0,0,0,0,0,0,0,0,0,  0,0,0,0,1,1,0,0,0,0},
   {0,0,0,1,1,1,1,0,0,0,  0,0,0,0,0,0,0,0,0,0,  0,0,0,1,1,1,1,0,0,0},
   {0,0,0,1,0,0,1,0,0,0,  0,0,0,0,0,0,0,0,0,0,  0,0,0,1,0,0,1,0,0,0},
   {0,0,1,1,0,0,1,1,0,0,  0,0,0,0,0,0,0,0,0,0,  0,0,1,1,0,0,1,1,0,0},
   {0,0,1,1,0,0,1,1,0,0,  0,0,0,0,0,0,0,0,0,0,  0,0,1,1,0,0,1,1,0,0},
   {0,0,1,1,1,1,1,1,0,0,  0,0,0,0,0,0,0,0,0,0,  0,0,1,1,1,1,1,1,0,0},
   {0,1,1,0,0,0,0,1,1,0,  0,0,0,0,0,0,0,0,0,0,  0,1,1,0,0,0,0,1,1,0},
   {0,1,1,0,0,0,0,1,1,0,  0,0,0,0,0,0,0,0,0,0,  0,1,1,0,0,0,0,1,1,0},
   {0,1,1,0,0,0,0,1,1,0,  0,0,0,0,0,0,0,0,0,0,  0,1,1,0,0,0,0,1,1,0},
   {1,1,0,0,0,0,0,0,1,1,  0,0,0,0,0,0,0,0,0,0,  1,1,0,0,0,0,0,0,1,1}, /////Top small numbers

   {0,0,0,0,0,0,0,0,0,0,0,0,0,0,0,0,0,0,0,0,0,0,0,0,0,0,0,0,0,0},
   {0,0,0,0,0,0,0,0,0,0,0,0,0,0,0,0,0,0,0,0,0,0,0,0,0,0,0,0,0,0},
   {0,0,0,0,0,0,0,0,0,0,0,0,0,0,0,0,0,0,0,0,0,0,0,0,0,0,0,0,0,0},
   {0,0,0,0,0,0,0,0,0,0,0,0,0,0,0,0,0,0,0,0,0,0,0,0,0,0,0,0,0,0},
   {0,0,0,0,0,0,0,0,0,0,0,0,0,0,0,0,0,0,0,0,0,0,0,0,0,0,0,0,0,0},
   {0,0,0,0,0,0,0,0,0,0,0,0,0,0,0,0,0,0,0,0,0,0,0,0,0,0,0,0,0,0},
   {0,0,0,0,0,0,0,0,0,0,0,0,0,0,0,0,0,0,0,0,0,0,0,0,0,0,0,0,0,0},
   {0,0,0,0,0,0,0,0,0,0,0,0,0,0,0,0,0,0,0,0,0,0,0,0,0,0,0,0,0,0},
   {0,0,0,0,0,0,0,0,0,0,0,0,0,0,0,0,0,0,0,0,0,0,0,0,0,0,0,0,0,0},
   {0,0,0,0,0,0,0,0,0,0,0,0,0,0,0,1,0,0,0,0,0,0,0,0,0,0,0,0,0,0},
   {0,0,0,0,0,0,0,0,0,0,0,0,0,0,1,1,1,0,0,0,0,0,0,0,0,0,0,0,0,0},
   {0,0,0,0,0,0,0,0,0,0,0,0,0,0,1,0,1,0,0,0,0,0,0,0,0,0,0,0,0,0},
   {0,0,0,0,0,0,0,0,0,0,0,0,0,1,1,0,1,1,0,0,0,0,0,0,0,0,0,0,0,0},
   {0,0,0,0,0,0,0,0,0,0,0,0,0,1,0,0,0,1,0,0,0,0,0,0,0,0,0,0,0,0},
   {0,0,0,0,0,0,0,0,0,0,0,0,1,1,0,0,0,1,1,0,0,0,0,0,0,0,0,0,0,0},
   {0,0,0,0,0,0,0,0,0,0,0,1,1,0,0,0,0,0,1,1,0,0,0,0,0,0,0,0,0,0},
   {0,0,0,0,0,0,0,0,0,0,0,1,1,0,0,0,0,0,1,1,0,0,0,0,0,0,0,0,0,0},
   {0,0,0,0,0,0,0,0,0,0,1,1,0,0,0,0,0,0,0,1,1,0,0,0,0,0,0,0,0,0},
   {0,0,0,0,0,0,0,0,0,1,1,0,0,0,0,2,0,0,0,0,1,1,0,0,0,0,0,0,0,0},
   {0,0,0,0,0,0,0,0,0,0,1,1,0,0,0,0,0,0,0,1,1,0,0,0,0,0,0,0,0,0},
   {0,0,0,0,0,0,0,0,0,0,0,1,0,0,0,0,0,0,1,1,0,0,0,0,0,0,0,0,0,0},
   {0,0,0,0,0,0,0,0,0,0,0,1,1,0,0,0,0,0,1,1,0,0,0,0,0,0,0,0,0,0},
   {0,0,0,0,0,0,0,0,0,0,0,0,1,1,0,0,0,1,1,0,0,0,0,0,0,0,0,0,0,0},
   {0,0,0,0,0,0,0,0,0,0,0,0,1,1,0,0,0,1,0,0,0,0,0,0,0,0,0,0,0,0},
   {0,0,0,0,0,0,0,0,0,0,0,0,0,1,1,0,1,1,0,0,0,0,0,0,0,0,0,0,0,0},
   {0,0,0,0,0,0,0,0,0,0,0,0,0,0,1,0,1,0,0,0,0,0,0,0,0,0,0,0,0,0},
   {0,0,0,0,0,0,0,0,0,0,0,0,0,0,1,1,1,0,0,0,0,0,0,0,0,0,0,0,0,0},
   {0,0,0,0,0,0,0,0,0,0,0,0,0,0,0,1,0,0,0,0,0,0,0,0,0,0,0,0,0,0},
   {0,0,0,0,0,0,0,0,0,0,0,0,0,0,0,0,0,0,0,0,0,0,0,0,0,0,0,0,0,0},
   {0,0,0,0,0,0,0,0,0,0,0,0,0,0,0,0,0,0,0,0,0,0,0,0,0,0,0,0,0,0},
   {0,0,0,0,0,0,0,0,0,0,0,0,0,0,0,0,0,0,0,0,0,0,0,0,0,0,0,0,0,0},
   {0,0,0,0,0,0,0,0,0,0,0,0,0,0,0,0,0,0,0,0,0,0,0,0,0,0,0,0,0,0},
   {0,0,0,0,0,0,0,0,0,0,0,0,0,0,0,0,0,0,0,0,0,0,0,0,0,0,0,0,0,0},
   {0,0,0,0,0,0,0,0,0,0,0,0,0,0,0,0,0,0,0,0,0,0,0,0,0,0,0,0,0,0},
   {0,0,0,0,0,0,0,0,0,0,0,0,0,0,0,0,0,0,0,0,0,0,0,0,0,0,0,0,0,0},
   {0,0,0,0,0,0,0,0,0,0,0,0,0,0,0,0,0,0,0,0,0,0,0,0,0,0,0,0,0,0},
   {0,0,0,0,0,0,0,0,0,0,0,0,0,0,0,0,0,0,0,0,0,0,0,0,0,0,0,0,0,0},
   {0,0,0,0,0,0,0,0,0,0,0,0,0,0,0,0,0,0,0,0,0,0,0,0,0,0,0,0,0,0},

   {1,1,0,0,0,0,0,0,1,1,  0,0,0,0,0,0,0,0,0,0,  1,1,0,0,0,0,0,0,1,1}, /////Bottom small numbers
   {0,1,1,0,0,0,0,1,1,0,  0,0,0,0,0,0,0,0,0,0,  0,1,1,0,0,0,0,1,1,0},
   {0,1,1,0,0,0,0,1,1,0,  0,0,0,0,0,0,0,0,0,0,  0,1,1,0,0,0,0,1,1,0},
   {0,1,1,0,0,0,0,1,1,0,  0,0,0,0,0,0,0,0,0,0,  0,1,1,0,0,0,0,1,1,0},
   {0,0,1,1,1,1,1,1,0,0,  0,0,0,0,0,0,0,0,0,0,  0,0,1,1,1,1,1,1,0,0},
   {0,0,1,1,0,0,1,1,0,0,  0,0,0,0,0,0,0,0,0,0,  0,0,1,1,0,0,1,1,0,0},
   {0,0,1,1,0,0,1,1,0,0,  0,0,0,0,0,0,0,0,0,0,  0,0,1,1,0,0,1,1,0,0},
   {0,0,0,1,0,0,1,0,0,0,  0,0,0,0,0,0,0,0,0,0,  0,0,0,1,0,0,1,0,0,0},
   {0,0,0,1,1,1,1,0,0,0,  0,0,0,0,0,0,0,0,0,0,  0,0,0,1,1,1,1,0,0,0},
   {0,0,0,0,1,1,0,0,0,0,  0,0,0,0,0,0,0,0,0,0,  0,0,0,0,1,1,0,0,0,0},
   {0,0,0,0,1,1,0,0,0,0,  0,0,0,0,0,0,0,0,0,0,  0,0,0,0,1,1,0,0,0,0},
   };

      int sevenOfDiamonds[60][30] = {
   {0,0,0,0,1,1,0,0,0,0,  0,0,0,0,0,0,0,0,0,0,  0,0,0,0,1,1,0,0,0,0},
   {0,0,0,0,1,1,0,0,0,0,  0,0,0,0,0,0,0,0,0,0,  0,0,0,0,1,1,0,0,0,0},
   {0,0,0,1,1,1,1,0,0,0,  0,0,0,0,0,0,0,0,0,0,  0,0,0,1,1,1,1,0,0,0},
   {0,0,0,1,0,0,1,0,0,0,  0,0,0,0,0,0,0,0,0,0,  0,0,0,1,0,0,1,0,0,0},
   {0,0,1,1,0,0,1,1,0,0,  0,0,0,0,0,0,0,0,0,0,  0,0,1,1,0,0,1,1,0,0},
   {0,0,1,1,0,0,1,1,0,0,  0,0,0,0,0,0,0,0,0,0,  0,0,1,1,0,0,1,1,0,0},
   {0,0,1,1,1,1,1,1,0,0,  0,0,0,0,0,0,0,0,0,0,  0,0,1,1,1,1,1,1,0,0},
   {0,1,1,0,0,0,0,1,1,0,  0,0,0,0,0,0,0,0,0,0,  0,1,1,0,0,0,0,1,1,0},
   {0,1,1,0,0,0,0,1,1,0,  0,0,0,0,0,0,0,0,0,0,  0,1,1,0,0,0,0,1,1,0},
   {0,1,1,0,0,0,0,1,1,0,  0,0,0,0,0,0,0,0,0,0,  0,1,1,0,0,0,0,1,1,0},
   {1,1,0,0,0,0,0,0,1,1,  0,0,0,0,0,0,0,0,0,0,  1,1,0,0,0,0,0,0,1,1}, /////Top small numbers

   {0,0,0,0,0,0,0,0,0,0,0,0,0,0,0,0,0,0,0,0,0,0,0,0,0,0,0,0,0,0},
   {0,0,0,0,0,0,0,0,0,0,0,0,0,0,0,0,0,0,0,0,0,0,0,0,0,0,0,0,0,0},
   {0,0,0,0,0,0,0,0,0,0,0,0,0,0,0,0,0,0,0,0,0,0,0,0,0,0,0,0,0,0},
   {0,0,0,0,0,0,0,0,0,0,0,0,0,0,0,0,0,0,0,0,0,0,0,0,0,0,0,0,0,0},
   {0,0,0,0,0,0,0,0,0,0,0,0,0,0,0,0,0,0,0,0,0,0,0,0,0,0,0,0,0,0},
   {0,0,0,0,0,0,0,0,0,0,0,0,0,0,0,0,0,0,0,0,0,0,0,0,0,0,0,0,0,0},
   {0,0,0,0,0,0,0,0,0,0,0,0,0,0,0,0,0,0,0,0,0,0,0,0,0,0,0,0,0,0},
   {0,0,0,0,0,0,0,0,0,0,0,0,0,0,0,0,0,0,0,0,0,0,0,0,0,0,0,0,0,0},
   {0,0,0,0,0,0,0,0,0,0,0,0,0,0,0,0,0,0,0,0,0,0,0,0,0,0,0,0,0,0},
   {0,0,0,0,0,0,0,0,0,0,0,0,0,0,0,1,0,0,0,0,0,0,0,0,0,0,0,0,0,0},
   {0,0,0,0,0,0,0,0,0,0,0,0,0,0,1,1,1,0,0,0,0,0,0,0,0,0,0,0,0,0},
   {0,0,0,0,0,0,0,0,0,0,0,0,0,0,1,0,1,0,0,0,0,0,0,0,0,0,0,0,0,0},
   {0,0,0,0,0,0,0,0,0,0,0,0,0,1,1,0,1,1,0,0,0,0,0,0,0,0,0,0,0,0},
   {0,0,0,0,0,0,0,0,0,0,0,0,0,1,0,0,0,1,0,0,0,0,0,0,0,0,0,0,0,0},
   {0,0,0,0,0,0,0,0,0,0,0,0,1,1,0,0,0,1,1,0,0,0,0,0,0,0,0,0,0,0},
   {0,0,0,0,0,0,0,0,0,0,0,1,1,0,0,0,0,0,1,1,0,0,0,0,0,0,0,0,0,0},
   {0,0,0,0,0,0,0,0,0,0,0,1,1,0,0,0,0,0,1,1,0,0,0,0,0,0,0,0,0,0},
   {0,0,0,0,0,0,0,0,0,0,1,1,0,0,0,0,0,0,0,1,1,0,0,0,0,0,0,0,0,0},
   {0,0,0,0,0,0,0,0,0,1,1,0,0,0,0,2,0,0,0,0,1,1,0,0,0,0,0,0,0,0},
   {0,0,0,0,0,0,0,0,0,0,1,1,0,0,0,0,0,0,0,1,1,0,0,0,0,0,0,0,0,0},
   {0,0,0,0,0,0,0,0,0,0,0,1,0,0,0,0,0,0,1,1,0,0,0,0,0,0,0,0,0,0},
   {0,0,0,0,0,0,0,0,0,0,0,1,1,0,0,0,0,0,1,1,0,0,0,0,0,0,0,0,0,0},
   {0,0,0,0,0,0,0,0,0,0,0,0,1,1,0,0,0,1,1,0,0,0,0,0,0,0,0,0,0,0},
   {0,0,0,0,0,0,0,0,0,0,0,0,1,1,0,0,0,1,0,0,0,0,0,0,0,0,0,0,0,0},
   {0,0,0,0,0,0,0,0,0,0,0,0,0,1,1,0,1,1,0,0,0,0,0,0,0,0,0,0,0,0},
   {0,0,0,0,0,0,0,0,0,0,0,0,0,0,1,0,1,0,0,0,0,0,0,0,0,0,0,0,0,0},
   {0,0,0,0,0,0,0,0,0,0,0,0,0,0,1,1,1,0,0,0,0,0,0,0,0,0,0,0,0,0},
   {0,0,0,0,0,0,0,0,0,0,0,0,0,0,0,1,0,0,0,0,0,0,0,0,0,0,0,0,0,0},
   {0,0,0,0,0,0,0,0,0,0,0,0,0,0,0,0,0,0,0,0,0,0,0,0,0,0,0,0,0,0},
   {0,0,0,0,0,0,0,0,0,0,0,0,0,0,0,0,0,0,0,0,0,0,0,0,0,0,0,0,0,0},
   {0,0,0,0,0,0,0,0,0,0,0,0,0,0,0,0,0,0,0,0,0,0,0,0,0,0,0,0,0,0},
   {0,0,0,0,0,0,0,0,0,0,0,0,0,0,0,0,0,0,0,0,0,0,0,0,0,0,0,0,0,0},
   {0,0,0,0,0,0,0,0,0,0,0,0,0,0,0,0,0,0,0,0,0,0,0,0,0,0,0,0,0,0},
   {0,0,0,0,0,0,0,0,0,0,0,0,0,0,0,0,0,0,0,0,0,0,0,0,0,0,0,0,0,0},
   {0,0,0,0,0,0,0,0,0,0,0,0,0,0,0,0,0,0,0,0,0,0,0,0,0,0,0,0,0,0},
   {0,0,0,0,0,0,0,0,0,0,0,0,0,0,0,0,0,0,0,0,0,0,0,0,0,0,0,0,0,0},
   {0,0,0,0,0,0,0,0,0,0,0,0,0,0,0,0,0,0,0,0,0,0,0,0,0,0,0,0,0,0},
   {0,0,0,0,0,0,0,0,0,0,0,0,0,0,0,0,0,0,0,0,0,0,0,0,0,0,0,0,0,0},

   {1,1,0,0,0,0,0,0,1,1,  0,0,0,0,0,0,0,0,0,0,  1,1,0,0,0,0,0,0,1,1}, /////Bottom small numbers
   {0,1,1,0,0,0,0,1,1,0,  0,0,0,0,0,0,0,0,0,0,  0,1,1,0,0,0,0,1,1,0},
   {0,1,1,0,0,0,0,1,1,0,  0,0,0,0,0,0,0,0,0,0,  0,1,1,0,0,0,0,1,1,0},
   {0,1,1,0,0,0,0,1,1,0,  0,0,0,0,0,0,0,0,0,0,  0,1,1,0,0,0,0,1,1,0},
   {0,0,1,1,1,1,1,1,0,0,  0,0,0,0,0,0,0,0,0,0,  0,0,1,1,1,1,1,1,0,0},
   {0,0,1,1,0,0,1,1,0,0,  0,0,0,0,0,0,0,0,0,0,  0,0,1,1,0,0,1,1,0,0},
   {0,0,1,1,0,0,1,1,0,0,  0,0,0,0,0,0,0,0,0,0,  0,0,1,1,0,0,1,1,0,0},
   {0,0,0,1,0,0,1,0,0,0,  0,0,0,0,0,0,0,0,0,0,  0,0,0,1,0,0,1,0,0,0},
   {0,0,0,1,1,1,1,0,0,0,  0,0,0,0,0,0,0,0,0,0,  0,0,0,1,1,1,1,0,0,0},
   {0,0,0,0,1,1,0,0,0,0,  0,0,0,0,0,0,0,0,0,0,  0,0,0,0,1,1,0,0,0,0},
   {0,0,0,0,1,1,0,0,0,0,  0,0,0,0,0,0,0,0,0,0,  0,0,0,0,1,1,0,0,0,0},
   };

      int eightOfDiamonds[60][30] = {
   {0,0,0,0,1,1,0,0,0,0,  0,0,0,0,0,0,0,0,0,0,  0,0,0,0,1,1,0,0,0,0},
   {0,0,0,0,1,1,0,0,0,0,  0,0,0,0,0,0,0,0,0,0,  0,0,0,0,1,1,0,0,0,0},
   {0,0,0,1,1,1,1,0,0,0,  0,0,0,0,0,0,0,0,0,0,  0,0,0,1,1,1,1,0,0,0},
   {0,0,0,1,0,0,1,0,0,0,  0,0,0,0,0,0,0,0,0,0,  0,0,0,1,0,0,1,0,0,0},
   {0,0,1,1,0,0,1,1,0,0,  0,0,0,0,0,0,0,0,0,0,  0,0,1,1,0,0,1,1,0,0},
   {0,0,1,1,0,0,1,1,0,0,  0,0,0,0,0,0,0,0,0,0,  0,0,1,1,0,0,1,1,0,0},
   {0,0,1,1,1,1,1,1,0,0,  0,0,0,0,0,0,0,0,0,0,  0,0,1,1,1,1,1,1,0,0},
   {0,1,1,0,0,0,0,1,1,0,  0,0,0,0,0,0,0,0,0,0,  0,1,1,0,0,0,0,1,1,0},
   {0,1,1,0,0,0,0,1,1,0,  0,0,0,0,0,0,0,0,0,0,  0,1,1,0,0,0,0,1,1,0},
   {0,1,1,0,0,0,0,1,1,0,  0,0,0,0,0,0,0,0,0,0,  0,1,1,0,0,0,0,1,1,0},
   {1,1,0,0,0,0,0,0,1,1,  0,0,0,0,0,0,0,0,0,0,  1,1,0,0,0,0,0,0,1,1}, /////Top small numbers

   {0,0,0,0,0,0,0,0,0,0,0,0,0,0,0,0,0,0,0,0,0,0,0,0,0,0,0,0,0,0},
   {0,0,0,0,0,0,0,0,0,0,0,0,0,0,0,0,0,0,0,0,0,0,0,0,0,0,0,0,0,0},
   {0,0,0,0,0,0,0,0,0,0,0,0,0,0,0,0,0,0,0,0,0,0,0,0,0,0,0,0,0,0},
   {0,0,0,0,0,0,0,0,0,0,0,0,0,0,0,0,0,0,0,0,0,0,0,0,0,0,0,0,0,0},
   {0,0,0,0,0,0,0,0,0,0,0,0,0,0,0,0,0,0,0,0,0,0,0,0,0,0,0,0,0,0},
   {0,0,0,0,0,0,0,0,0,0,0,0,0,0,0,0,0,0,0,0,0,0,0,0,0,0,0,0,0,0},
   {0,0,0,0,0,0,0,0,0,0,0,0,0,0,0,0,0,0,0,0,0,0,0,0,0,0,0,0,0,0},
   {0,0,0,0,0,0,0,0,0,0,0,0,0,0,0,0,0,0,0,0,0,0,0,0,0,0,0,0,0,0},
   {0,0,0,0,0,0,0,0,0,0,0,0,0,0,0,0,0,0,0,0,0,0,0,0,0,0,0,0,0,0},
   {0,0,0,0,0,0,0,0,0,0,0,0,0,0,0,1,0,0,0,0,0,0,0,0,0,0,0,0,0,0},
   {0,0,0,0,0,0,0,0,0,0,0,0,0,0,1,1,1,0,0,0,0,0,0,0,0,0,0,0,0,0},
   {0,0,0,0,0,0,0,0,0,0,0,0,0,0,1,0,1,0,0,0,0,0,0,0,0,0,0,0,0,0},
   {0,0,0,0,0,0,0,0,0,0,0,0,0,1,1,0,1,1,0,0,0,0,0,0,0,0,0,0,0,0},
   {0,0,0,0,0,0,0,0,0,0,0,0,0,1,0,0,0,1,0,0,0,0,0,0,0,0,0,0,0,0},
   {0,0,0,0,0,0,0,0,0,0,0,0,1,1,0,0,0,1,1,0,0,0,0,0,0,0,0,0,0,0},
   {0,0,0,0,0,0,0,0,0,0,0,1,1,0,0,0,0,0,1,1,0,0,0,0,0,0,0,0,0,0},
   {0,0,0,0,0,0,0,0,0,0,0,1,1,0,0,0,0,0,1,1,0,0,0,0,0,0,0,0,0,0},
   {0,0,0,0,0,0,0,0,0,0,1,1,0,0,0,0,0,0,0,1,1,0,0,0,0,0,0,0,0,0},
   {0,0,0,0,0,0,0,0,0,1,1,0,0,0,0,2,0,0,0,0,1,1,0,0,0,0,0,0,0,0},
   {0,0,0,0,0,0,0,0,0,0,1,1,0,0,0,0,0,0,0,1,1,0,0,0,0,0,0,0,0,0},
   {0,0,0,0,0,0,0,0,0,0,0,1,0,0,0,0,0,0,1,1,0,0,0,0,0,0,0,0,0,0},
   {0,0,0,0,0,0,0,0,0,0,0,1,1,0,0,0,0,0,1,1,0,0,0,0,0,0,0,0,0,0},
   {0,0,0,0,0,0,0,0,0,0,0,0,1,1,0,0,0,1,1,0,0,0,0,0,0,0,0,0,0,0},
   {0,0,0,0,0,0,0,0,0,0,0,0,1,1,0,0,0,1,0,0,0,0,0,0,0,0,0,0,0,0},
   {0,0,0,0,0,0,0,0,0,0,0,0,0,1,1,0,1,1,0,0,0,0,0,0,0,0,0,0,0,0},
   {0,0,0,0,0,0,0,0,0,0,0,0,0,0,1,0,1,0,0,0,0,0,0,0,0,0,0,0,0,0},
   {0,0,0,0,0,0,0,0,0,0,0,0,0,0,1,1,1,0,0,0,0,0,0,0,0,0,0,0,0,0},
   {0,0,0,0,0,0,0,0,0,0,0,0,0,0,0,1,0,0,0,0,0,0,0,0,0,0,0,0,0,0},
   {0,0,0,0,0,0,0,0,0,0,0,0,0,0,0,0,0,0,0,0,0,0,0,0,0,0,0,0,0,0},
   {0,0,0,0,0,0,0,0,0,0,0,0,0,0,0,0,0,0,0,0,0,0,0,0,0,0,0,0,0,0},
   {0,0,0,0,0,0,0,0,0,0,0,0,0,0,0,0,0,0,0,0,0,0,0,0,0,0,0,0,0,0},
   {0,0,0,0,0,0,0,0,0,0,0,0,0,0,0,0,0,0,0,0,0,0,0,0,0,0,0,0,0,0},
   {0,0,0,0,0,0,0,0,0,0,0,0,0,0,0,0,0,0,0,0,0,0,0,0,0,0,0,0,0,0},
   {0,0,0,0,0,0,0,0,0,0,0,0,0,0,0,0,0,0,0,0,0,0,0,0,0,0,0,0,0,0},
   {0,0,0,0,0,0,0,0,0,0,0,0,0,0,0,0,0,0,0,0,0,0,0,0,0,0,0,0,0,0},
   {0,0,0,0,0,0,0,0,0,0,0,0,0,0,0,0,0,0,0,0,0,0,0,0,0,0,0,0,0,0},
   {0,0,0,0,0,0,0,0,0,0,0,0,0,0,0,0,0,0,0,0,0,0,0,0,0,0,0,0,0,0},
   {0,0,0,0,0,0,0,0,0,0,0,0,0,0,0,0,0,0,0,0,0,0,0,0,0,0,0,0,0,0},

   {1,1,0,0,0,0,0,0,1,1,  0,0,0,0,0,0,0,0,0,0,  1,1,0,0,0,0,0,0,1,1}, /////Bottom small numbers
   {0,1,1,0,0,0,0,1,1,0,  0,0,0,0,0,0,0,0,0,0,  0,1,1,0,0,0,0,1,1,0},
   {0,1,1,0,0,0,0,1,1,0,  0,0,0,0,0,0,0,0,0,0,  0,1,1,0,0,0,0,1,1,0},
   {0,1,1,0,0,0,0,1,1,0,  0,0,0,0,0,0,0,0,0,0,  0,1,1,0,0,0,0,1,1,0},
   {0,0,1,1,1,1,1,1,0,0,  0,0,0,0,0,0,0,0,0,0,  0,0,1,1,1,1,1,1,0,0},
   {0,0,1,1,0,0,1,1,0,0,  0,0,0,0,0,0,0,0,0,0,  0,0,1,1,0,0,1,1,0,0},
   {0,0,1,1,0,0,1,1,0,0,  0,0,0,0,0,0,0,0,0,0,  0,0,1,1,0,0,1,1,0,0},
   {0,0,0,1,0,0,1,0,0,0,  0,0,0,0,0,0,0,0,0,0,  0,0,0,1,0,0,1,0,0,0},
   {0,0,0,1,1,1,1,0,0,0,  0,0,0,0,0,0,0,0,0,0,  0,0,0,1,1,1,1,0,0,0},
   {0,0,0,0,1,1,0,0,0,0,  0,0,0,0,0,0,0,0,0,0,  0,0,0,0,1,1,0,0,0,0},
   {0,0,0,0,1,1,0,0,0,0,  0,0,0,0,0,0,0,0,0,0,  0,0,0,0,1,1,0,0,0,0},
   };

      int nineOfDiamonds[60][30] = {
   {0,0,0,0,1,1,0,0,0,0,  0,0,0,0,0,0,0,0,0,0,  0,0,0,0,1,1,0,0,0,0},
   {0,0,0,0,1,1,0,0,0,0,  0,0,0,0,0,0,0,0,0,0,  0,0,0,0,1,1,0,0,0,0},
   {0,0,0,1,1,1,1,0,0,0,  0,0,0,0,0,0,0,0,0,0,  0,0,0,1,1,1,1,0,0,0},
   {0,0,0,1,0,0,1,0,0,0,  0,0,0,0,0,0,0,0,0,0,  0,0,0,1,0,0,1,0,0,0},
   {0,0,1,1,0,0,1,1,0,0,  0,0,0,0,0,0,0,0,0,0,  0,0,1,1,0,0,1,1,0,0},
   {0,0,1,1,0,0,1,1,0,0,  0,0,0,0,0,0,0,0,0,0,  0,0,1,1,0,0,1,1,0,0},
   {0,0,1,1,1,1,1,1,0,0,  0,0,0,0,0,0,0,0,0,0,  0,0,1,1,1,1,1,1,0,0},
   {0,1,1,0,0,0,0,1,1,0,  0,0,0,0,0,0,0,0,0,0,  0,1,1,0,0,0,0,1,1,0},
   {0,1,1,0,0,0,0,1,1,0,  0,0,0,0,0,0,0,0,0,0,  0,1,1,0,0,0,0,1,1,0},
   {0,1,1,0,0,0,0,1,1,0,  0,0,0,0,0,0,0,0,0,0,  0,1,1,0,0,0,0,1,1,0},
   {1,1,0,0,0,0,0,0,1,1,  0,0,0,0,0,0,0,0,0,0,  1,1,0,0,0,0,0,0,1,1}, /////Top small numbers

   {0,0,0,0,0,0,0,0,0,0,0,0,0,0,0,0,0,0,0,0,0,0,0,0,0,0,0,0,0,0},
   {0,0,0,0,0,0,0,0,0,0,0,0,0,0,0,0,0,0,0,0,0,0,0,0,0,0,0,0,0,0},
   {0,0,0,0,0,0,0,0,0,0,0,0,0,0,0,0,0,0,0,0,0,0,0,0,0,0,0,0,0,0},
   {0,0,0,0,0,0,0,0,0,0,0,0,0,0,0,0,0,0,0,0,0,0,0,0,0,0,0,0,0,0},
   {0,0,0,0,0,0,0,0,0,0,0,0,0,0,0,0,0,0,0,0,0,0,0,0,0,0,0,0,0,0},
   {0,0,0,0,0,0,0,0,0,0,0,0,0,0,0,0,0,0,0,0,0,0,0,0,0,0,0,0,0,0},
   {0,0,0,0,0,0,0,0,0,0,0,0,0,0,0,0,0,0,0,0,0,0,0,0,0,0,0,0,0,0},
   {0,0,0,0,0,0,0,0,0,0,0,0,0,0,0,0,0,0,0,0,0,0,0,0,0,0,0,0,0,0},
   {0,0,0,0,0,0,0,0,0,0,0,0,0,0,0,0,0,0,0,0,0,0,0,0,0,0,0,0,0,0},
   {0,0,0,0,0,0,0,0,0,0,0,0,0,0,0,1,0,0,0,0,0,0,0,0,0,0,0,0,0,0},
   {0,0,0,0,0,0,0,0,0,0,0,0,0,0,1,1,1,0,0,0,0,0,0,0,0,0,0,0,0,0},
   {0,0,0,0,0,0,0,0,0,0,0,0,0,0,1,0,1,0,0,0,0,0,0,0,0,0,0,0,0,0},
   {0,0,0,0,0,0,0,0,0,0,0,0,0,1,1,0,1,1,0,0,0,0,0,0,0,0,0,0,0,0},
   {0,0,0,0,0,0,0,0,0,0,0,0,0,1,0,0,0,1,0,0,0,0,0,0,0,0,0,0,0,0},
   {0,0,0,0,0,0,0,0,0,0,0,0,1,1,0,0,0,1,1,0,0,0,0,0,0,0,0,0,0,0},
   {0,0,0,0,0,0,0,0,0,0,0,1,1,0,0,0,0,0,1,1,0,0,0,0,0,0,0,0,0,0},
   {0,0,0,0,0,0,0,0,0,0,0,1,1,0,0,0,0,0,1,1,0,0,0,0,0,0,0,0,0,0},
   {0,0,0,0,0,0,0,0,0,0,1,1,0,0,0,0,0,0,0,1,1,0,0,0,0,0,0,0,0,0},
   {0,0,0,0,0,0,0,0,0,1,1,0,0,0,0,2,0,0,0,0,1,1,0,0,0,0,0,0,0,0},
   {0,0,0,0,0,0,0,0,0,0,1,1,0,0,0,0,0,0,0,1,1,0,0,0,0,0,0,0,0,0},
   {0,0,0,0,0,0,0,0,0,0,0,1,0,0,0,0,0,0,1,1,0,0,0,0,0,0,0,0,0,0},
   {0,0,0,0,0,0,0,0,0,0,0,1,1,0,0,0,0,0,1,1,0,0,0,0,0,0,0,0,0,0},
   {0,0,0,0,0,0,0,0,0,0,0,0,1,1,0,0,0,1,1,0,0,0,0,0,0,0,0,0,0,0},
   {0,0,0,0,0,0,0,0,0,0,0,0,1,1,0,0,0,1,0,0,0,0,0,0,0,0,0,0,0,0},
   {0,0,0,0,0,0,0,0,0,0,0,0,0,1,1,0,1,1,0,0,0,0,0,0,0,0,0,0,0,0},
   {0,0,0,0,0,0,0,0,0,0,0,0,0,0,1,0,1,0,0,0,0,0,0,0,0,0,0,0,0,0},
   {0,0,0,0,0,0,0,0,0,0,0,0,0,0,1,1,1,0,0,0,0,0,0,0,0,0,0,0,0,0},
   {0,0,0,0,0,0,0,0,0,0,0,0,0,0,0,1,0,0,0,0,0,0,0,0,0,0,0,0,0,0},
   {0,0,0,0,0,0,0,0,0,0,0,0,0,0,0,0,0,0,0,0,0,0,0,0,0,0,0,0,0,0},
   {0,0,0,0,0,0,0,0,0,0,0,0,0,0,0,0,0,0,0,0,0,0,0,0,0,0,0,0,0,0},
   {0,0,0,0,0,0,0,0,0,0,0,0,0,0,0,0,0,0,0,0,0,0,0,0,0,0,0,0,0,0},
   {0,0,0,0,0,0,0,0,0,0,0,0,0,0,0,0,0,0,0,0,0,0,0,0,0,0,0,0,0,0},
   {0,0,0,0,0,0,0,0,0,0,0,0,0,0,0,0,0,0,0,0,0,0,0,0,0,0,0,0,0,0},
   {0,0,0,0,0,0,0,0,0,0,0,0,0,0,0,0,0,0,0,0,0,0,0,0,0,0,0,0,0,0},
   {0,0,0,0,0,0,0,0,0,0,0,0,0,0,0,0,0,0,0,0,0,0,0,0,0,0,0,0,0,0},
   {0,0,0,0,0,0,0,0,0,0,0,0,0,0,0,0,0,0,0,0,0,0,0,0,0,0,0,0,0,0},
   {0,0,0,0,0,0,0,0,0,0,0,0,0,0,0,0,0,0,0,0,0,0,0,0,0,0,0,0,0,0},
   {0,0,0,0,0,0,0,0,0,0,0,0,0,0,0,0,0,0,0,0,0,0,0,0,0,0,0,0,0,0},

   {1,1,0,0,0,0,0,0,1,1,  0,0,0,0,0,0,0,0,0,0,  1,1,0,0,0,0,0,0,1,1}, /////Bottom small numbers
   {0,1,1,0,0,0,0,1,1,0,  0,0,0,0,0,0,0,0,0,0,  0,1,1,0,0,0,0,1,1,0},
   {0,1,1,0,0,0,0,1,1,0,  0,0,0,0,0,0,0,0,0,0,  0,1,1,0,0,0,0,1,1,0},
   {0,1,1,0,0,0,0,1,1,0,  0,0,0,0,0,0,0,0,0,0,  0,1,1,0,0,0,0,1,1,0},
   {0,0,1,1,1,1,1,1,0,0,  0,0,0,0,0,0,0,0,0,0,  0,0,1,1,1,1,1,1,0,0},
   {0,0,1,1,0,0,1,1,0,0,  0,0,0,0,0,0,0,0,0,0,  0,0,1,1,0,0,1,1,0,0},
   {0,0,1,1,0,0,1,1,0,0,  0,0,0,0,0,0,0,0,0,0,  0,0,1,1,0,0,1,1,0,0},
   {0,0,0,1,0,0,1,0,0,0,  0,0,0,0,0,0,0,0,0,0,  0,0,0,1,0,0,1,0,0,0},
   {0,0,0,1,1,1,1,0,0,0,  0,0,0,0,0,0,0,0,0,0,  0,0,0,1,1,1,1,0,0,0},
   {0,0,0,0,1,1,0,0,0,0,  0,0,0,0,0,0,0,0,0,0,  0,0,0,0,1,1,0,0,0,0},
   {0,0,0,0,1,1,0,0,0,0,  0,0,0,0,0,0,0,0,0,0,  0,0,0,0,1,1,0,0,0,0},
   };

      int tenOfDiamonds[60][30] = {
   {0,0,0,0,1,1,0,0,0,0,  0,0,0,0,0,0,0,0,0,0,  0,0,0,0,1,1,0,0,0,0},
   {0,0,0,0,1,1,0,0,0,0,  0,0,0,0,0,0,0,0,0,0,  0,0,0,0,1,1,0,0,0,0},
   {0,0,0,1,1,1,1,0,0,0,  0,0,0,0,0,0,0,0,0,0,  0,0,0,1,1,1,1,0,0,0},
   {0,0,0,1,0,0,1,0,0,0,  0,0,0,0,0,0,0,0,0,0,  0,0,0,1,0,0,1,0,0,0},
   {0,0,1,1,0,0,1,1,0,0,  0,0,0,0,0,0,0,0,0,0,  0,0,1,1,0,0,1,1,0,0},
   {0,0,1,1,0,0,1,1,0,0,  0,0,0,0,0,0,0,0,0,0,  0,0,1,1,0,0,1,1,0,0},
   {0,0,1,1,1,1,1,1,0,0,  0,0,0,0,0,0,0,0,0,0,  0,0,1,1,1,1,1,1,0,0},
   {0,1,1,0,0,0,0,1,1,0,  0,0,0,0,0,0,0,0,0,0,  0,1,1,0,0,0,0,1,1,0},
   {0,1,1,0,0,0,0,1,1,0,  0,0,0,0,0,0,0,0,0,0,  0,1,1,0,0,0,0,1,1,0},
   {0,1,1,0,0,0,0,1,1,0,  0,0,0,0,0,0,0,0,0,0,  0,1,1,0,0,0,0,1,1,0},
   {1,1,0,0,0,0,0,0,1,1,  0,0,0,0,0,0,0,0,0,0,  1,1,0,0,0,0,0,0,1,1}, /////Top small numbers

   {0,0,0,0,0,0,0,0,0,0,0,0,0,0,0,0,0,0,0,0,0,0,0,0,0,0,0,0,0,0},
   {0,0,0,0,0,0,0,0,0,0,0,0,0,0,0,0,0,0,0,0,0,0,0,0,0,0,0,0,0,0},
   {0,0,0,0,0,0,0,0,0,0,0,0,0,0,0,0,0,0,0,0,0,0,0,0,0,0,0,0,0,0},
   {0,0,0,0,0,0,0,0,0,0,0,0,0,0,0,0,0,0,0,0,0,0,0,0,0,0,0,0,0,0},
   {0,0,0,0,0,0,0,0,0,0,0,0,0,0,0,0,0,0,0,0,0,0,0,0,0,0,0,0,0,0},
   {0,0,0,0,0,0,0,0,0,0,0,0,0,0,0,0,0,0,0,0,0,0,0,0,0,0,0,0,0,0},
   {0,0,0,0,0,0,0,0,0,0,0,0,0,0,0,0,0,0,0,0,0,0,0,0,0,0,0,0,0,0},
   {0,0,0,0,0,0,0,0,0,0,0,0,0,0,0,0,0,0,0,0,0,0,0,0,0,0,0,0,0,0},
   {0,0,0,0,0,0,0,0,0,0,0,0,0,0,0,0,0,0,0,0,0,0,0,0,0,0,0,0,0,0},
   {0,0,0,0,0,0,0,0,0,0,0,0,0,0,0,1,0,0,0,0,0,0,0,0,0,0,0,0,0,0},
   {0,0,0,0,0,0,0,0,0,0,0,0,0,0,1,1,1,0,0,0,0,0,0,0,0,0,0,0,0,0},
   {0,0,0,0,0,0,0,0,0,0,0,0,0,0,1,0,1,0,0,0,0,0,0,0,0,0,0,0,0,0},
   {0,0,0,0,0,0,0,0,0,0,0,0,0,1,1,0,1,1,0,0,0,0,0,0,0,0,0,0,0,0},
   {0,0,0,0,0,0,0,0,0,0,0,0,0,1,0,0,0,1,0,0,0,0,0,0,0,0,0,0,0,0},
   {0,0,0,0,0,0,0,0,0,0,0,0,1,1,0,0,0,1,1,0,0,0,0,0,0,0,0,0,0,0},
   {0,0,0,0,0,0,0,0,0,0,0,1,1,0,0,0,0,0,1,1,0,0,0,0,0,0,0,0,0,0},
   {0,0,0,0,0,0,0,0,0,0,0,1,1,0,0,0,0,0,1,1,0,0,0,0,0,0,0,0,0,0},
   {0,0,0,0,0,0,0,0,0,0,1,1,0,0,0,0,0,0,0,1,1,0,0,0,0,0,0,0,0,0},
   {0,0,0,0,0,0,0,0,0,1,1,0,0,0,0,2,0,0,0,0,1,1,0,0,0,0,0,0,0,0},
   {0,0,0,0,0,0,0,0,0,0,1,1,0,0,0,0,0,0,0,1,1,0,0,0,0,0,0,0,0,0},
   {0,0,0,0,0,0,0,0,0,0,0,1,0,0,0,0,0,0,1,1,0,0,0,0,0,0,0,0,0,0},
   {0,0,0,0,0,0,0,0,0,0,0,1,1,0,0,0,0,0,1,1,0,0,0,0,0,0,0,0,0,0},
   {0,0,0,0,0,0,0,0,0,0,0,0,1,1,0,0,0,1,1,0,0,0,0,0,0,0,0,0,0,0},
   {0,0,0,0,0,0,0,0,0,0,0,0,1,1,0,0,0,1,0,0,0,0,0,0,0,0,0,0,0,0},
   {0,0,0,0,0,0,0,0,0,0,0,0,0,1,1,0,1,1,0,0,0,0,0,0,0,0,0,0,0,0},
   {0,0,0,0,0,0,0,0,0,0,0,0,0,0,1,0,1,0,0,0,0,0,0,0,0,0,0,0,0,0},
   {0,0,0,0,0,0,0,0,0,0,0,0,0,0,1,1,1,0,0,0,0,0,0,0,0,0,0,0,0,0},
   {0,0,0,0,0,0,0,0,0,0,0,0,0,0,0,1,0,0,0,0,0,0,0,0,0,0,0,0,0,0},
   {0,0,0,0,0,0,0,0,0,0,0,0,0,0,0,0,0,0,0,0,0,0,0,0,0,0,0,0,0,0},
   {0,0,0,0,0,0,0,0,0,0,0,0,0,0,0,0,0,0,0,0,0,0,0,0,0,0,0,0,0,0},
   {0,0,0,0,0,0,0,0,0,0,0,0,0,0,0,0,0,0,0,0,0,0,0,0,0,0,0,0,0,0},
   {0,0,0,0,0,0,0,0,0,0,0,0,0,0,0,0,0,0,0,0,0,0,0,0,0,0,0,0,0,0},
   {0,0,0,0,0,0,0,0,0,0,0,0,0,0,0,0,0,0,0,0,0,0,0,0,0,0,0,0,0,0},
   {0,0,0,0,0,0,0,0,0,0,0,0,0,0,0,0,0,0,0,0,0,0,0,0,0,0,0,0,0,0},
   {0,0,0,0,0,0,0,0,0,0,0,0,0,0,0,0,0,0,0,0,0,0,0,0,0,0,0,0,0,0},
   {0,0,0,0,0,0,0,0,0,0,0,0,0,0,0,0,0,0,0,0,0,0,0,0,0,0,0,0,0,0},
   {0,0,0,0,0,0,0,0,0,0,0,0,0,0,0,0,0,0,0,0,0,0,0,0,0,0,0,0,0,0},
   {0,0,0,0,0,0,0,0,0,0,0,0,0,0,0,0,0,0,0,0,0,0,0,0,0,0,0,0,0,0},

   {1,1,0,0,0,0,0,0,1,1,  0,0,0,0,0,0,0,0,0,0,  1,1,0,0,0,0,0,0,1,1}, /////Bottom small numbers
   {0,1,1,0,0,0,0,1,1,0,  0,0,0,0,0,0,0,0,0,0,  0,1,1,0,0,0,0,1,1,0},
   {0,1,1,0,0,0,0,1,1,0,  0,0,0,0,0,0,0,0,0,0,  0,1,1,0,0,0,0,1,1,0},
   {0,1,1,0,0,0,0,1,1,0,  0,0,0,0,0,0,0,0,0,0,  0,1,1,0,0,0,0,1,1,0},
   {0,0,1,1,1,1,1,1,0,0,  0,0,0,0,0,0,0,0,0,0,  0,0,1,1,1,1,1,1,0,0},
   {0,0,1,1,0,0,1,1,0,0,  0,0,0,0,0,0,0,0,0,0,  0,0,1,1,0,0,1,1,0,0},
   {0,0,1,1,0,0,1,1,0,0,  0,0,0,0,0,0,0,0,0,0,  0,0,1,1,0,0,1,1,0,0},
   {0,0,0,1,0,0,1,0,0,0,  0,0,0,0,0,0,0,0,0,0,  0,0,0,1,0,0,1,0,0,0},
   {0,0,0,1,1,1,1,0,0,0,  0,0,0,0,0,0,0,0,0,0,  0,0,0,1,1,1,1,0,0,0},
   {0,0,0,0,1,1,0,0,0,0,  0,0,0,0,0,0,0,0,0,0,  0,0,0,0,1,1,0,0,0,0},
   {0,0,0,0,1,1,0,0,0,0,  0,0,0,0,0,0,0,0,0,0,  0,0,0,0,1,1,0,0,0,0},
   };

      int jackOfDiamonds[60][30] = {
   {0,0,0,0,1,1,0,0,0,0,  0,0,0,0,0,0,0,0,0,0,  0,0,0,0,1,1,0,0,0,0},
   {0,0,0,0,1,1,0,0,0,0,  0,0,0,0,0,0,0,0,0,0,  0,0,0,0,1,1,0,0,0,0},
   {0,0,0,1,1,1,1,0,0,0,  0,0,0,0,0,0,0,0,0,0,  0,0,0,1,1,1,1,0,0,0},
   {0,0,0,1,0,0,1,0,0,0,  0,0,0,0,0,0,0,0,0,0,  0,0,0,1,0,0,1,0,0,0},
   {0,0,1,1,0,0,1,1,0,0,  0,0,0,0,0,0,0,0,0,0,  0,0,1,1,0,0,1,1,0,0},
   {0,0,1,1,0,0,1,1,0,0,  0,0,0,0,0,0,0,0,0,0,  0,0,1,1,0,0,1,1,0,0},
   {0,0,1,1,1,1,1,1,0,0,  0,0,0,0,0,0,0,0,0,0,  0,0,1,1,1,1,1,1,0,0},
   {0,1,1,0,0,0,0,1,1,0,  0,0,0,0,0,0,0,0,0,0,  0,1,1,0,0,0,0,1,1,0},
   {0,1,1,0,0,0,0,1,1,0,  0,0,0,0,0,0,0,0,0,0,  0,1,1,0,0,0,0,1,1,0},
   {0,1,1,0,0,0,0,1,1,0,  0,0,0,0,0,0,0,0,0,0,  0,1,1,0,0,0,0,1,1,0},
   {1,1,0,0,0,0,0,0,1,1,  0,0,0,0,0,0,0,0,0,0,  1,1,0,0,0,0,0,0,1,1}, /////Top small numbers

   {0,0,0,0,0,0,0,0,0,0,0,0,0,0,0,0,0,0,0,0,0,0,0,0,0,0,0,0,0,0},
   {0,0,0,0,0,0,0,0,0,0,0,0,0,0,0,0,0,0,0,0,0,0,0,0,0,0,0,0,0,0},
   {0,0,0,0,0,0,0,0,0,0,0,0,0,0,0,0,0,0,0,0,0,0,0,0,0,0,0,0,0,0},
   {0,0,0,0,0,0,0,0,0,0,0,0,0,0,0,0,0,0,0,0,0,0,0,0,0,0,0,0,0,0},
   {0,0,0,0,0,0,0,0,0,0,0,0,0,0,0,0,0,0,0,0,0,0,0,0,0,0,0,0,0,0},
   {0,0,0,0,0,0,0,0,0,0,0,0,0,0,0,0,0,0,0,0,0,0,0,0,0,0,0,0,0,0},
   {0,0,0,0,0,0,0,0,0,0,0,0,0,0,0,0,0,0,0,0,0,0,0,0,0,0,0,0,0,0},
   {0,0,0,0,0,0,0,0,0,0,0,0,0,0,0,0,0,0,0,0,0,0,0,0,0,0,0,0,0,0},
   {0,0,0,0,0,0,0,0,0,0,0,0,0,0,0,0,0,0,0,0,0,0,0,0,0,0,0,0,0,0},
   {0,0,0,0,0,0,0,0,0,0,0,0,0,0,0,1,0,0,0,0,0,0,0,0,0,0,0,0,0,0},
   {0,0,0,0,0,0,0,0,0,0,0,0,0,0,1,1,1,0,0,0,0,0,0,0,0,0,0,0,0,0},
   {0,0,0,0,0,0,0,0,0,0,0,0,0,0,1,0,1,0,0,0,0,0,0,0,0,0,0,0,0,0},
   {0,0,0,0,0,0,0,0,0,0,0,0,0,1,1,0,1,1,0,0,0,0,0,0,0,0,0,0,0,0},
   {0,0,0,0,0,0,0,0,0,0,0,0,0,1,0,0,0,1,0,0,0,0,0,0,0,0,0,0,0,0},
   {0,0,0,0,0,0,0,0,0,0,0,0,1,1,0,0,0,1,1,0,0,0,0,0,0,0,0,0,0,0},
   {0,0,0,0,0,0,0,0,0,0,0,1,1,0,0,0,0,0,1,1,0,0,0,0,0,0,0,0,0,0},
   {0,0,0,0,0,0,0,0,0,0,0,1,1,0,0,0,0,0,1,1,0,0,0,0,0,0,0,0,0,0},
   {0,0,0,0,0,0,0,0,0,0,1,1,0,0,0,0,0,0,0,1,1,0,0,0,0,0,0,0,0,0},
   {0,0,0,0,0,0,0,0,0,1,1,0,0,0,0,2,0,0,0,0,1,1,0,0,0,0,0,0,0,0},
   {0,0,0,0,0,0,0,0,0,0,1,1,0,0,0,0,0,0,0,1,1,0,0,0,0,0,0,0,0,0},
   {0,0,0,0,0,0,0,0,0,0,0,1,0,0,0,0,0,0,1,1,0,0,0,0,0,0,0,0,0,0},
   {0,0,0,0,0,0,0,0,0,0,0,1,1,0,0,0,0,0,1,1,0,0,0,0,0,0,0,0,0,0},
   {0,0,0,0,0,0,0,0,0,0,0,0,1,1,0,0,0,1,1,0,0,0,0,0,0,0,0,0,0,0},
   {0,0,0,0,0,0,0,0,0,0,0,0,1,1,0,0,0,1,0,0,0,0,0,0,0,0,0,0,0,0},
   {0,0,0,0,0,0,0,0,0,0,0,0,0,1,1,0,1,1,0,0,0,0,0,0,0,0,0,0,0,0},
   {0,0,0,0,0,0,0,0,0,0,0,0,0,0,1,0,1,0,0,0,0,0,0,0,0,0,0,0,0,0},
   {0,0,0,0,0,0,0,0,0,0,0,0,0,0,1,1,1,0,0,0,0,0,0,0,0,0,0,0,0,0},
   {0,0,0,0,0,0,0,0,0,0,0,0,0,0,0,1,0,0,0,0,0,0,0,0,0,0,0,0,0,0},
   {0,0,0,0,0,0,0,0,0,0,0,0,0,0,0,0,0,0,0,0,0,0,0,0,0,0,0,0,0,0},
   {0,0,0,0,0,0,0,0,0,0,0,0,0,0,0,0,0,0,0,0,0,0,0,0,0,0,0,0,0,0},
   {0,0,0,0,0,0,0,0,0,0,0,0,0,0,0,0,0,0,0,0,0,0,0,0,0,0,0,0,0,0},
   {0,0,0,0,0,0,0,0,0,0,0,0,0,0,0,0,0,0,0,0,0,0,0,0,0,0,0,0,0,0},
   {0,0,0,0,0,0,0,0,0,0,0,0,0,0,0,0,0,0,0,0,0,0,0,0,0,0,0,0,0,0},
   {0,0,0,0,0,0,0,0,0,0,0,0,0,0,0,0,0,0,0,0,0,0,0,0,0,0,0,0,0,0},
   {0,0,0,0,0,0,0,0,0,0,0,0,0,0,0,0,0,0,0,0,0,0,0,0,0,0,0,0,0,0},
   {0,0,0,0,0,0,0,0,0,0,0,0,0,0,0,0,0,0,0,0,0,0,0,0,0,0,0,0,0,0},
   {0,0,0,0,0,0,0,0,0,0,0,0,0,0,0,0,0,0,0,0,0,0,0,0,0,0,0,0,0,0},
   {0,0,0,0,0,0,0,0,0,0,0,0,0,0,0,0,0,0,0,0,0,0,0,0,0,0,0,0,0,0},

   {1,1,0,0,0,0,0,0,1,1,  0,0,0,0,0,0,0,0,0,0,  1,1,0,0,0,0,0,0,1,1}, /////Bottom small numbers
   {0,1,1,0,0,0,0,1,1,0,  0,0,0,0,0,0,0,0,0,0,  0,1,1,0,0,0,0,1,1,0},
   {0,1,1,0,0,0,0,1,1,0,  0,0,0,0,0,0,0,0,0,0,  0,1,1,0,0,0,0,1,1,0},
   {0,1,1,0,0,0,0,1,1,0,  0,0,0,0,0,0,0,0,0,0,  0,1,1,0,0,0,0,1,1,0},
   {0,0,1,1,1,1,1,1,0,0,  0,0,0,0,0,0,0,0,0,0,  0,0,1,1,1,1,1,1,0,0},
   {0,0,1,1,0,0,1,1,0,0,  0,0,0,0,0,0,0,0,0,0,  0,0,1,1,0,0,1,1,0,0},
   {0,0,1,1,0,0,1,1,0,0,  0,0,0,0,0,0,0,0,0,0,  0,0,1,1,0,0,1,1,0,0},
   {0,0,0,1,0,0,1,0,0,0,  0,0,0,0,0,0,0,0,0,0,  0,0,0,1,0,0,1,0,0,0},
   {0,0,0,1,1,1,1,0,0,0,  0,0,0,0,0,0,0,0,0,0,  0,0,0,1,1,1,1,0,0,0},
   {0,0,0,0,1,1,0,0,0,0,  0,0,0,0,0,0,0,0,0,0,  0,0,0,0,1,1,0,0,0,0},
   {0,0,0,0,1,1,0,0,0,0,  0,0,0,0,0,0,0,0,0,0,  0,0,0,0,1,1,0,0,0,0},
   };

      int queenOfDiamonds[60][30] = {
   {0,0,0,0,1,1,0,0,0,0,  0,0,0,0,0,0,0,0,0,0,  0,0,0,0,1,1,0,0,0,0},
   {0,0,0,0,1,1,0,0,0,0,  0,0,0,0,0,0,0,0,0,0,  0,0,0,0,1,1,0,0,0,0},
   {0,0,0,1,1,1,1,0,0,0,  0,0,0,0,0,0,0,0,0,0,  0,0,0,1,1,1,1,0,0,0},
   {0,0,0,1,0,0,1,0,0,0,  0,0,0,0,0,0,0,0,0,0,  0,0,0,1,0,0,1,0,0,0},
   {0,0,1,1,0,0,1,1,0,0,  0,0,0,0,0,0,0,0,0,0,  0,0,1,1,0,0,1,1,0,0},
   {0,0,1,1,0,0,1,1,0,0,  0,0,0,0,0,0,0,0,0,0,  0,0,1,1,0,0,1,1,0,0},
   {0,0,1,1,1,1,1,1,0,0,  0,0,0,0,0,0,0,0,0,0,  0,0,1,1,1,1,1,1,0,0},
   {0,1,1,0,0,0,0,1,1,0,  0,0,0,0,0,0,0,0,0,0,  0,1,1,0,0,0,0,1,1,0},
   {0,1,1,0,0,0,0,1,1,0,  0,0,0,0,0,0,0,0,0,0,  0,1,1,0,0,0,0,1,1,0},
   {0,1,1,0,0,0,0,1,1,0,  0,0,0,0,0,0,0,0,0,0,  0,1,1,0,0,0,0,1,1,0},
   {1,1,0,0,0,0,0,0,1,1,  0,0,0,0,0,0,0,0,0,0,  1,1,0,0,0,0,0,0,1,1}, /////Top small numbers

   {0,0,0,0,0,0,0,0,0,0,0,0,0,0,0,0,0,0,0,0,0,0,0,0,0,0,0,0,0,0},
   {0,0,0,0,0,0,0,0,0,0,0,0,0,0,0,0,0,0,0,0,0,0,0,0,0,0,0,0,0,0},
   {0,0,0,0,0,0,0,0,0,0,0,0,0,0,0,0,0,0,0,0,0,0,0,0,0,0,0,0,0,0},
   {0,0,0,0,0,0,0,0,0,0,0,0,0,0,0,0,0,0,0,0,0,0,0,0,0,0,0,0,0,0},
   {0,0,0,0,0,0,0,0,0,0,0,0,0,0,0,0,0,0,0,0,0,0,0,0,0,0,0,0,0,0},
   {0,0,0,0,0,0,0,0,0,0,0,0,0,0,0,0,0,0,0,0,0,0,0,0,0,0,0,0,0,0},
   {0,0,0,0,0,0,0,0,0,0,0,0,0,0,0,0,0,0,0,0,0,0,0,0,0,0,0,0,0,0},
   {0,0,0,0,0,0,0,0,0,0,0,0,0,0,0,0,0,0,0,0,0,0,0,0,0,0,0,0,0,0},
   {0,0,0,0,0,0,0,0,0,0,0,0,0,0,0,0,0,0,0,0,0,0,0,0,0,0,0,0,0,0},
   {0,0,0,0,0,0,0,0,0,0,0,0,0,0,0,1,0,0,0,0,0,0,0,0,0,0,0,0,0,0},
   {0,0,0,0,0,0,0,0,0,0,0,0,0,0,1,1,1,0,0,0,0,0,0,0,0,0,0,0,0,0},
   {0,0,0,0,0,0,0,0,0,0,0,0,0,0,1,0,1,0,0,0,0,0,0,0,0,0,0,0,0,0},
   {0,0,0,0,0,0,0,0,0,0,0,0,0,1,1,0,1,1,0,0,0,0,0,0,0,0,0,0,0,0},
   {0,0,0,0,0,0,0,0,0,0,0,0,0,1,0,0,0,1,0,0,0,0,0,0,0,0,0,0,0,0},
   {0,0,0,0,0,0,0,0,0,0,0,0,1,1,0,0,0,1,1,0,0,0,0,0,0,0,0,0,0,0},
   {0,0,0,0,0,0,0,0,0,0,0,1,1,0,0,0,0,0,1,1,0,0,0,0,0,0,0,0,0,0},
   {0,0,0,0,0,0,0,0,0,0,0,1,1,0,0,0,0,0,1,1,0,0,0,0,0,0,0,0,0,0},
   {0,0,0,0,0,0,0,0,0,0,1,1,0,0,0,0,0,0,0,1,1,0,0,0,0,0,0,0,0,0},
   {0,0,0,0,0,0,0,0,0,1,1,0,0,0,0,2,0,0,0,0,1,1,0,0,0,0,0,0,0,0},
   {0,0,0,0,0,0,0,0,0,0,1,1,0,0,0,0,0,0,0,1,1,0,0,0,0,0,0,0,0,0},
   {0,0,0,0,0,0,0,0,0,0,0,1,0,0,0,0,0,0,1,1,0,0,0,0,0,0,0,0,0,0},
   {0,0,0,0,0,0,0,0,0,0,0,1,1,0,0,0,0,0,1,1,0,0,0,0,0,0,0,0,0,0},
   {0,0,0,0,0,0,0,0,0,0,0,0,1,1,0,0,0,1,1,0,0,0,0,0,0,0,0,0,0,0},
   {0,0,0,0,0,0,0,0,0,0,0,0,1,1,0,0,0,1,0,0,0,0,0,0,0,0,0,0,0,0},
   {0,0,0,0,0,0,0,0,0,0,0,0,0,1,1,0,1,1,0,0,0,0,0,0,0,0,0,0,0,0},
   {0,0,0,0,0,0,0,0,0,0,0,0,0,0,1,0,1,0,0,0,0,0,0,0,0,0,0,0,0,0},
   {0,0,0,0,0,0,0,0,0,0,0,0,0,0,1,1,1,0,0,0,0,0,0,0,0,0,0,0,0,0},
   {0,0,0,0,0,0,0,0,0,0,0,0,0,0,0,1,0,0,0,0,0,0,0,0,0,0,0,0,0,0},
   {0,0,0,0,0,0,0,0,0,0,0,0,0,0,0,0,0,0,0,0,0,0,0,0,0,0,0,0,0,0},
   {0,0,0,0,0,0,0,0,0,0,0,0,0,0,0,0,0,0,0,0,0,0,0,0,0,0,0,0,0,0},
   {0,0,0,0,0,0,0,0,0,0,0,0,0,0,0,0,0,0,0,0,0,0,0,0,0,0,0,0,0,0},
   {0,0,0,0,0,0,0,0,0,0,0,0,0,0,0,0,0,0,0,0,0,0,0,0,0,0,0,0,0,0},
   {0,0,0,0,0,0,0,0,0,0,0,0,0,0,0,0,0,0,0,0,0,0,0,0,0,0,0,0,0,0},
   {0,0,0,0,0,0,0,0,0,0,0,0,0,0,0,0,0,0,0,0,0,0,0,0,0,0,0,0,0,0},
   {0,0,0,0,0,0,0,0,0,0,0,0,0,0,0,0,0,0,0,0,0,0,0,0,0,0,0,0,0,0},
   {0,0,0,0,0,0,0,0,0,0,0,0,0,0,0,0,0,0,0,0,0,0,0,0,0,0,0,0,0,0},
   {0,0,0,0,0,0,0,0,0,0,0,0,0,0,0,0,0,0,0,0,0,0,0,0,0,0,0,0,0,0},
   {0,0,0,0,0,0,0,0,0,0,0,0,0,0,0,0,0,0,0,0,0,0,0,0,0,0,0,0,0,0},

   {1,1,0,0,0,0,0,0,1,1,  0,0,0,0,0,0,0,0,0,0,  1,1,0,0,0,0,0,0,1,1}, /////Bottom small numbers
   {0,1,1,0,0,0,0,1,1,0,  0,0,0,0,0,0,0,0,0,0,  0,1,1,0,0,0,0,1,1,0},
   {0,1,1,0,0,0,0,1,1,0,  0,0,0,0,0,0,0,0,0,0,  0,1,1,0,0,0,0,1,1,0},
   {0,1,1,0,0,0,0,1,1,0,  0,0,0,0,0,0,0,0,0,0,  0,1,1,0,0,0,0,1,1,0},
   {0,0,1,1,1,1,1,1,0,0,  0,0,0,0,0,0,0,0,0,0,  0,0,1,1,1,1,1,1,0,0},
   {0,0,1,1,0,0,1,1,0,0,  0,0,0,0,0,0,0,0,0,0,  0,0,1,1,0,0,1,1,0,0},
   {0,0,1,1,0,0,1,1,0,0,  0,0,0,0,0,0,0,0,0,0,  0,0,1,1,0,0,1,1,0,0},
   {0,0,0,1,0,0,1,0,0,0,  0,0,0,0,0,0,0,0,0,0,  0,0,0,1,0,0,1,0,0,0},
   {0,0,0,1,1,1,1,0,0,0,  0,0,0,0,0,0,0,0,0,0,  0,0,0,1,1,1,1,0,0,0},
   {0,0,0,0,1,1,0,0,0,0,  0,0,0,0,0,0,0,0,0,0,  0,0,0,0,1,1,0,0,0,0},
   {0,0,0,0,1,1,0,0,0,0,  0,0,0,0,0,0,0,0,0,0,  0,0,0,0,1,1,0,0,0,0},
   };

      int kingOfDiamonds[60][30] = {
   {0,0,0,0,1,1,0,0,0,0,  0,0,0,0,0,0,0,0,0,0,  0,0,0,0,1,1,0,0,0,0},
   {0,0,0,0,1,1,0,0,0,0,  0,0,0,0,0,0,0,0,0,0,  0,0,0,0,1,1,0,0,0,0},
   {0,0,0,1,1,1,1,0,0,0,  0,0,0,0,0,0,0,0,0,0,  0,0,0,1,1,1,1,0,0,0},
   {0,0,0,1,0,0,1,0,0,0,  0,0,0,0,0,0,0,0,0,0,  0,0,0,1,0,0,1,0,0,0},
   {0,0,1,1,0,0,1,1,0,0,  0,0,0,0,0,0,0,0,0,0,  0,0,1,1,0,0,1,1,0,0},
   {0,0,1,1,0,0,1,1,0,0,  0,0,0,0,0,0,0,0,0,0,  0,0,1,1,0,0,1,1,0,0},
   {0,0,1,1,1,1,1,1,0,0,  0,0,0,0,0,0,0,0,0,0,  0,0,1,1,1,1,1,1,0,0},
   {0,1,1,0,0,0,0,1,1,0,  0,0,0,0,0,0,0,0,0,0,  0,1,1,0,0,0,0,1,1,0},
   {0,1,1,0,0,0,0,1,1,0,  0,0,0,0,0,0,0,0,0,0,  0,1,1,0,0,0,0,1,1,0},
   {0,1,1,0,0,0,0,1,1,0,  0,0,0,0,0,0,0,0,0,0,  0,1,1,0,0,0,0,1,1,0},
   {1,1,0,0,0,0,0,0,1,1,  0,0,0,0,0,0,0,0,0,0,  1,1,0,0,0,0,0,0,1,1}, /////Top small numbers

   {0,0,0,0,0,0,0,0,0,0,0,0,0,0,0,0,0,0,0,0,0,0,0,0,0,0,0,0,0,0},
   {0,0,0,0,0,0,0,0,0,0,0,0,0,0,0,0,0,0,0,0,0,0,0,0,0,0,0,0,0,0},
   {0,0,0,0,0,0,0,0,0,0,0,0,0,0,0,0,0,0,0,0,0,0,0,0,0,0,0,0,0,0},
   {0,0,0,0,0,0,0,0,0,0,0,0,0,0,0,0,0,0,0,0,0,0,0,0,0,0,0,0,0,0},
   {0,0,0,0,0,0,0,0,0,0,0,0,0,0,0,0,0,0,0,0,0,0,0,0,0,0,0,0,0,0},
   {0,0,0,0,0,0,0,0,0,0,0,0,0,0,0,0,0,0,0,0,0,0,0,0,0,0,0,0,0,0},
   {0,0,0,0,0,0,0,0,0,0,0,0,0,0,0,0,0,0,0,0,0,0,0,0,0,0,0,0,0,0},
   {0,0,0,0,0,0,0,0,0,0,0,0,0,0,0,0,0,0,0,0,0,0,0,0,0,0,0,0,0,0},
   {0,0,0,0,0,0,0,0,0,0,0,0,0,0,0,0,0,0,0,0,0,0,0,0,0,0,0,0,0,0},
   {0,0,0,0,0,0,0,0,0,0,0,0,0,0,0,1,0,0,0,0,0,0,0,0,0,0,0,0,0,0},
   {0,0,0,0,0,0,0,0,0,0,0,0,0,0,1,1,1,0,0,0,0,0,0,0,0,0,0,0,0,0},
   {0,0,0,0,0,0,0,0,0,0,0,0,0,0,1,0,1,0,0,0,0,0,0,0,0,0,0,0,0,0},
   {0,0,0,0,0,0,0,0,0,0,0,0,0,1,1,0,1,1,0,0,0,0,0,0,0,0,0,0,0,0},
   {0,0,0,0,0,0,0,0,0,0,0,0,0,1,0,0,0,1,0,0,0,0,0,0,0,0,0,0,0,0},
   {0,0,0,0,0,0,0,0,0,0,0,0,1,1,0,0,0,1,1,0,0,0,0,0,0,0,0,0,0,0},
   {0,0,0,0,0,0,0,0,0,0,0,1,1,0,0,0,0,0,1,1,0,0,0,0,0,0,0,0,0,0},
   {0,0,0,0,0,0,0,0,0,0,0,1,1,0,0,0,0,0,1,1,0,0,0,0,0,0,0,0,0,0},
   {0,0,0,0,0,0,0,0,0,0,1,1,0,0,0,0,0,0,0,1,1,0,0,0,0,0,0,0,0,0},
   {0,0,0,0,0,0,0,0,0,1,1,0,0,0,0,2,0,0,0,0,1,1,0,0,0,0,0,0,0,0},
   {0,0,0,0,0,0,0,0,0,0,1,1,0,0,0,0,0,0,0,1,1,0,0,0,0,0,0,0,0,0},
   {0,0,0,0,0,0,0,0,0,0,0,1,0,0,0,0,0,0,1,1,0,0,0,0,0,0,0,0,0,0},
   {0,0,0,0,0,0,0,0,0,0,0,1,1,0,0,0,0,0,1,1,0,0,0,0,0,0,0,0,0,0},
   {0,0,0,0,0,0,0,0,0,0,0,0,1,1,0,0,0,1,1,0,0,0,0,0,0,0,0,0,0,0},
   {0,0,0,0,0,0,0,0,0,0,0,0,1,1,0,0,0,1,0,0,0,0,0,0,0,0,0,0,0,0},
   {0,0,0,0,0,0,0,0,0,0,0,0,0,1,1,0,1,1,0,0,0,0,0,0,0,0,0,0,0,0},
   {0,0,0,0,0,0,0,0,0,0,0,0,0,0,1,0,1,0,0,0,0,0,0,0,0,0,0,0,0,0},
   {0,0,0,0,0,0,0,0,0,0,0,0,0,0,1,1,1,0,0,0,0,0,0,0,0,0,0,0,0,0},
   {0,0,0,0,0,0,0,0,0,0,0,0,0,0,0,1,0,0,0,0,0,0,0,0,0,0,0,0,0,0},
   {0,0,0,0,0,0,0,0,0,0,0,0,0,0,0,0,0,0,0,0,0,0,0,0,0,0,0,0,0,0},
   {0,0,0,0,0,0,0,0,0,0,0,0,0,0,0,0,0,0,0,0,0,0,0,0,0,0,0,0,0,0},
   {0,0,0,0,0,0,0,0,0,0,0,0,0,0,0,0,0,0,0,0,0,0,0,0,0,0,0,0,0,0},
   {0,0,0,0,0,0,0,0,0,0,0,0,0,0,0,0,0,0,0,0,0,0,0,0,0,0,0,0,0,0},
   {0,0,0,0,0,0,0,0,0,0,0,0,0,0,0,0,0,0,0,0,0,0,0,0,0,0,0,0,0,0},
   {0,0,0,0,0,0,0,0,0,0,0,0,0,0,0,0,0,0,0,0,0,0,0,0,0,0,0,0,0,0},
   {0,0,0,0,0,0,0,0,0,0,0,0,0,0,0,0,0,0,0,0,0,0,0,0,0,0,0,0,0,0},
   {0,0,0,0,0,0,0,0,0,0,0,0,0,0,0,0,0,0,0,0,0,0,0,0,0,0,0,0,0,0},
   {0,0,0,0,0,0,0,0,0,0,0,0,0,0,0,0,0,0,0,0,0,0,0,0,0,0,0,0,0,0},
   {0,0,0,0,0,0,0,0,0,0,0,0,0,0,0,0,0,0,0,0,0,0,0,0,0,0,0,0,0,0},

   {1,1,0,0,0,0,0,0,1,1,  0,0,0,0,0,0,0,0,0,0,  1,1,0,0,0,0,0,0,1,1}, /////Bottom small numbers
   {0,1,1,0,0,0,0,1,1,0,  0,0,0,0,0,0,0,0,0,0,  0,1,1,0,0,0,0,1,1,0},
   {0,1,1,0,0,0,0,1,1,0,  0,0,0,0,0,0,0,0,0,0,  0,1,1,0,0,0,0,1,1,0},
   {0,1,1,0,0,0,0,1,1,0,  0,0,0,0,0,0,0,0,0,0,  0,1,1,0,0,0,0,1,1,0},
   {0,0,1,1,1,1,1,1,0,0,  0,0,0,0,0,0,0,0,0,0,  0,0,1,1,1,1,1,1,0,0},
   {0,0,1,1,0,0,1,1,0,0,  0,0,0,0,0,0,0,0,0,0,  0,0,1,1,0,0,1,1,0,0},
   {0,0,1,1,0,0,1,1,0,0,  0,0,0,0,0,0,0,0,0,0,  0,0,1,1,0,0,1,1,0,0},
   {0,0,0,1,0,0,1,0,0,0,  0,0,0,0,0,0,0,0,0,0,  0,0,0,1,0,0,1,0,0,0},
   {0,0,0,1,1,1,1,0,0,0,  0,0,0,0,0,0,0,0,0,0,  0,0,0,1,1,1,1,0,0,0},
   {0,0,0,0,1,1,0,0,0,0,  0,0,0,0,0,0,0,0,0,0,  0,0,0,0,1,1,0,0,0,0},
   {0,0,0,0,1,1,0,0,0,0,  0,0,0,0,0,0,0,0,0,0,  0,0,0,0,1,1,0,0,0,0},
   };

   int i,j; 
   for(i = 0; i<60; i++) 
   { 
     printf("\n"); 
     for(j = 0; j<30; j++) 
     { 
       printf("%d", twoOfDiamonds[i][j]); 
     } 
   } 
   printf("\n");
return 0; 
} 
